FrameID	EngineID	StartTime	CompressedTime	RecvTime	DoneTime	Status
1541126030851	1541126030999	1541126030854
1	Lego	1541126035524	1541126035562	1541126035599	1541126035605	success
2	Lego	1541126035824	1541126035863	1541126035912	1541126035912	nothing
3	Lego	1541126035912	1541126035935	1541126036037	1541126036037	nothing
4	Lego	1541126036038	1541126036091	1541126036252	1541126036252	nothing
5	Lego	1541126036252	1541126036276	1541126036341	1541126036342	nothing
6	Lego	1541126036342	1541126036384	1541126036441	1541126036441	nothing
7	Lego	1541126036441	1541126036486	1541126036526	1541126036526	nothing
8	Lego	1541126036527	1541126036561	1541126036622	1541126036622	nothing
9	Lego	1541126036622	1541126036657	1541126036724	1541126036724	nothing
10	Lego	1541126036724	1541126036760	1541126036901	1541126036901	nothing
11	Lego	1541126036902	1541126036957	1541126037050	1541126037050	nothing
12	Lego	1541126037051	1541126037093	1541126037282	1541126037282	nothing
13	Lego	1541126037283	1541126037324	1541126037586	1541126037586	nothing
14	Lego	1541126037587	1541126037629	1541126037831	1541126037831	nothing
15	Lego	1541126037831	1541126037863	1541126038201	1541126038201	nothing
16	Lego	1541126038202	1541126038256	1541126038610	1541126038610	nothing
17	Lego	1541126038611	1541126038659	1541126038875	1541126038875	nothing
18	Lego	1541126038875	1541126038920	1541126039054	1541126039054	nothing
19	Lego	1541126039054	1541126039100	1541126039205	1541126039205	nothing
20	Lego	1541126039206	1541126039254	1541126039328	1541126039329	nothing
21	Lego	1541126039329	1541126039373	1541126039635	1541126039635	nothing
22	Lego	1541126039635	1541126039662	1541126039831	1541126039831	nothing
23	Lego	1541126039831	1541126039862	1541126040006	1541126040006	nothing
24	Lego	1541126040007	1541126040056	1541126040239	1541126040239	nothing
25	Lego	1541126040239	1541126040277	1541126040454	1541126040454	nothing
26	Lego	1541126040454	1541126040484	1541126040616	1541126040616	nothing
27	Lego	1541126040617	1541126040669	1541126040854	1541126040854	nothing
28	Lego	1541126040854	1541126040877	1541126041025	1541126041025	nothing
29	Lego	1541126041026	1541126041064	1541126041158	1541126041158	nothing
30	Lego	1541126041158	1541126041200	1541126041479	1541126041479	nothing
31	Lego	1541126041480	1541126041536	1541126041711	1541126041711	nothing
32	Lego	1541126041712	1541126041762	1541126041978	1541126041979	nothing
33	Lego	1541126041979	1541126042030	1541126042296	1541126042296	nothing
34	Lego	1541126042296	1541126042333	1541126042478	1541126042478	nothing
35	Lego	1541126042479	1541126042532	1541126042708	1541126042708	nothing
36	Lego	1541126042709	1541126042750	1541126043117	1541126043117	nothing
37	Lego	1541126043117	1541126043144	1541126043356	1541126043357	nothing
38	Lego	1541126043359	1541126043400	1541126043733	1541126043733	nothing
39	Lego	1541126043733	1541126043777	1541126044140	1541126044140	nothing
40	Lego	1541126044141	1541126044179	1541126044551	1541126044551	nothing
41	Lego	1541126044552	1541126044605	1541126044807	1541126044808	nothing
42	Lego	1541126044808	1541126044847	1541126045268	1541126045268	nothing
43	Lego	1541126045268	1541126045314	1541126045542	1541126045542	nothing
44	Lego	1541126045542	1541126045582	1541126045984	1541126045984	nothing
45	Lego	1541126045984	1541126046015	1541126046393	1541126046393	nothing
46	Lego	1541126046394	1541126046435	1541126046802	1541126046802	nothing
47	Lego	1541126046802	1541126046844	1541126047109	1541126047109	nothing
48	Lego	1541126047110	1541126047149	1541126047520	1541126047520	nothing
49	Lego	1541126047520	1541126047558	1541126047930	1541126047930	nothing
50	Lego	1541126047930	1541126047957	1541126048442	1541126048442	nothing
51	Lego	1541126048442	1541126048480	1541126048851	1541126048851	nothing
52	Lego	1541126048851	1541126048890	1541126049260	1541126049260	nothing
53	Lego	1541126049261	1541126049303	1541126049670	1541126049670	nothing
54	Lego	1541126049670	1541126049712	1541126050080	1541126050080	nothing
55	Lego	1541126050080	1541126050108	1541126050489	1541126050489	nothing
56	Lego	1541126050490	1541126050530	1541126050753	1541126050753	nothing
57	Lego	1541126050753	1541126050782	1541126051105	1541126051105	nothing
58	Lego	1541126051105	1541126051138	1541126051331	1541126051332	nothing
59	Lego	1541126051332	1541126051358	1541126051615	1541126051615	nothing
60	Lego	1541126051615	1541126051645	1541126051909	1541126051909	nothing
61	Lego	1541126051909	1541126051937	1541126052137	1541126052137	nothing
62	Lego	1541126052137	1541126052160	1541126052437	1541126052437	nothing
63	Lego	1541126052437	1541126052494	1541126052844	1541126052844	nothing
64	Lego	1541126052844	1541126052887	1541126053254	1541126053254	nothing
65	Lego	1541126053255	1541126053301	1541126053664	1541126053664	nothing
66	Lego	1541126053664	1541126053694	1541126053973	1541126053973	nothing
67	Lego	1541126053973	1541126054021	1541126054689	1541126054689	nothing
68	Lego	1541126054689	1541126054734	1541126054914	1541126054914	nothing
69	Lego	1541126054914	1541126054957	1541126055302	1541126055302	nothing
70	Lego	1541126055302	1541126055332	1541126055713	1541126055713	nothing
71	Lego	1541126055714	1541126055759	1541126056125	1541126056125	nothing
72	Lego	1541126056126	1541126056165	1541126057149	1541126057162	success
73	Lego	1541126057162	1541126057216	1541126057965	1541126057965	nothing
74	Lego	1541126057965	1541126058022	1541126058784	1541126058785	nothing
75	Lego	1541126058785	1541126058824	1541126059603	1541126059603	nothing
76	Lego	1541126059603	1541126059664	1541126060628	1541126060628	nothing
77	Lego	1541126060628	1541126060663	1541126061446	1541126061446	nothing
78	Lego	1541126061446	1541126061479	1541126062268	1541126062268	nothing
79	Lego	1541126062268	1541126062307	1541126063190	1541126063190	nothing
80	Lego	1541126063190	1541126063217	1541126064006	1541126064007	nothing
81	Lego	1541126064007	1541126064049	1541126064928	1541126064928	nothing
82	Lego	1541126064929	1541126064964	1541126065850	1541126065850	nothing
83	Lego	1541126065850	1541126065884	1541126066669	1541126066669	nothing
84	Lego	1541126066669	1541126066711	1541126067488	1541126067488	nothing
85	Lego	1541126067488	1541126067534	1541126068307	1541126068307	nothing
86	Lego	1541126068307	1541126068343	1541126069132	1541126069132	nothing
87	Lego	1541126069133	1541126069159	1541126069947	1541126069947	nothing
88	Lego	1541126069947	1541126069985	1541126070765	1541126070766	nothing
89	Lego	1541126070766	1541126070790	1541126071584	1541126071584	nothing
90	Lego	1541126071584	1541126071624	1541126072405	1541126072405	nothing
91	Lego	1541126072405	1541126072436	1541126073325	1541126073325	nothing
92	Lego	1541126073325	1541126073359	1541126074144	1541126074144	nothing
93	Lego	1541126074144	1541126074189	1541126074964	1541126074965	nothing
94	Lego	1541126074965	1541126075011	1541126075885	1541126075885	nothing
95	Lego	1541126075885	1541126075916	1541126076704	1541126076704	nothing
96	Lego	1541126076705	1541126076752	1541126077626	1541126077626	nothing
97	Lego	1541126077626	1541126077653	1541126078240	1541126078240	nothing
98	Lego	1541126078240	1541126078290	1541126078960	1541126078961	nothing
99	Lego	1541126078961	1541126079004	1541126079673	1541126079673	nothing
100	Lego	1541126079674	1541126079718	1541126080390	1541126080390	nothing
101	Lego	1541126080391	1541126080426	1541126081107	1541126081107	nothing
102	Lego	1541126081107	1541126081146	1541126081824	1541126081824	nothing
103	Lego	1541126081824	1541126081869	1541126082644	1541126082644	nothing
104	Lego	1541126082644	1541126082675	1541126083360	1541126083360	nothing
105	Lego	1541126083360	1541126083401	1541126084077	1541126084077	nothing
106	Lego	1541126084078	1541126084127	1541126084900	1541126084900	nothing
107	Lego	1541126084901	1541126084931	1541126085026	1541126085026	nothing
108	Lego	1541126085026	1541126085054	1541126085715	1541126085715	nothing
109	Lego	1541126085716	1541126085767	1541126086535	1541126086535	nothing
110	Lego	1541126086536	1541126086572	1541126087252	1541126087252	nothing
111	Lego	1541126087252	1541126087279	1541126087969	1541126087969	nothing
112	Lego	1541126087969	1541126087997	1541126088687	1541126088687	nothing
113	Lego	1541126088688	1541126088734	1541126089404	1541126089404	nothing
114	Lego	1541126089405	1541126089449	1541126090118	1541126090119	nothing
115	Lego	1541126090119	1541126090165	1541126090837	1541126090837	nothing
116	Lego	1541126090837	1541126090882	1541126091552	1541126091552	nothing
117	Lego	1541126091552	1541126091602	1541126091742	1541126091742	nothing
118	Lego	1541126091742	1541126091783	1541126091924	1541126091924	nothing
119	Lego	1541126091924	1541126091954	1541126092051	1541126092051	nothing
120	Lego	1541126092052	1541126092077	1541126092226	1541126092226	nothing
121	Lego	1541126092227	1541126092272	1541126092986	1541126092986	nothing
122	Lego	1541126092986	1541126093031	1541126093705	1541126093705	nothing
123	Lego	1541126093705	1541126093733	1541126094419	1541126094419	nothing
124	Lego	1541126094419	1541126094457	1541126095241	1541126095241	nothing
125	Lego	1541126095241	1541126095285	1541126095955	1541126095955	nothing
126	Lego	1541126095956	1541126096000	1541126096673	1541126096673	nothing
127	Lego	1541126096675	1541126096717	1541126097389	1541126097389	nothing
128	Lego	1541126097390	1541126097428	1541126098109	1541126098109	nothing
129	Lego	1541126098110	1541126098158	1541126098925	1541126098925	nothing
130	Lego	1541126098925	1541126098966	1541126099641	1541126099641	nothing
131	Lego	1541126099642	1541126099671	1541126100467	1541126100467	nothing
132	Lego	1541126100467	1541126100507	1541126101075	1541126101075	nothing
133	Lego	1541126101076	1541126101112	1541126101236	1541126101236	nothing
134	Lego	1541126101237	1541126101289	1541126101894	1541126101894	nothing
135	Lego	1541126101895	1541126101935	1541126102509	1541126102509	nothing
136	Lego	1541126102509	1541126102551	1541126103328	1541126103328	nothing
137	Lego	1541126103328	1541126103370	1541126104045	1541126104045	nothing
138	Lego	1541126104045	1541126104098	1541126110495	1541126110495	nothing
139	Lego	1541126110496	1541126110542	1541126125140	1541126125140	nothing
140	Lego	1541126125140	1541126125187	1541126125376	1541126125376	nothing
141	Lego	1541126125376	1541126125404	1541126125650	1541126125650	nothing
142	Lego	1541126125651	1541126125675	1541126125868	1541126125868	nothing
143	Lego	1541126125869	1541126125900	1541126126165	1541126126165	nothing
144	Lego	1541126126165	1541126126200	1541126126394	1541126126395	nothing
145	Lego	1541126126395	1541126126442	1541126126674	1541126126674	nothing
146	Lego	1541126126674	1541126126724	1541126126858	1541126126858	nothing
147	Lego	1541126126859	1541126126900	1541126127070	1541126127070	nothing
148	Lego	1541126127070	1541126127109	1541126127391	1541126127391	nothing
149	Lego	1541126127391	1541126127433	1541126127576	1541126127576	nothing
150	Lego	1541126127577	1541126127617	1541126127820	1541126127821	nothing
151	Lego	1541126127821	1541126127872	1541126128416	1541126128416	nothing
152	Lego	1541126128416	1541126128465	1541126129031	1541126129031	nothing
153	Lego	1541126129031	1541126129077	1541126129301	1541126129301	nothing
154	Lego	1541126129302	1541126129337	1541126129541	1541126129541	nothing
155	Lego	1541126129541	1541126129570	1541126129799	1541126129799	nothing
156	Lego	1541126129799	1541126129855	1541126130018	1541126130018	nothing
157	Lego	1541126130018	1541126130067	1541126130272	1541126130272	nothing
158	Lego	1541126130272	1541126130321	1541126130498	1541126130498	nothing
159	Lego	1541126130499	1541126130542	1541126130774	1541126130774	nothing
160	Lego	1541126130774	1541126130809	1541126131008	1541126131008	nothing
161	Lego	1541126131009	1541126131065	1541126131693	1541126131693	nothing
162	Lego	1541126131693	1541126131721	1541126132102	1541126132102	nothing
163	Lego	1541126132102	1541126132148	1541126132345	1541126132345	nothing
164	Lego	1541126132346	1541126132391	1541126132716	1541126132716	nothing
165	Lego	1541126132716	1541126132770	1541126133126	1541126133126	nothing
166	Lego	1541126133127	1541126133181	1541126133536	1541126133536	nothing
167	Lego	1541126133536	1541126133584	1541126133945	1541126133945	nothing
168	Lego	1541126133945	1541126134003	1541126134210	1541126134210	nothing
169	Lego	1541126134211	1541126134249	1541126134456	1541126134456	nothing
170	Lego	1541126134457	1541126134498	1541126134970	1541126134970	nothing
171	Lego	1541126134970	1541126135018	1541126135208	1541126135208	nothing
172	Lego	1541126135208	1541126135240	1541126135480	1541126135480	nothing
173	Lego	1541126135481	1541126135540	1541126135718	1541126135718	nothing
174	Lego	1541126135719	1541126135755	1541126135947	1541126135947	nothing
175	Lego	1541126135948	1541126135992	1541126136299	1541126136300	nothing
176	Lego	1541126136300	1541126136344	1541126136513	1541126136513	nothing
177	Lego	1541126136513	1541126136556	1541126136813	1541126136813	nothing
178	Lego	1541126136814	1541126136862	1541126137123	1541126137123	nothing
179	Lego	1541126137123	1541126137168	1541126137532	1541126137532	nothing
180	Lego	1541126137533	1541126137583	1541126137809	1541126137809	nothing
181	Lego	1541126137811	1541126137851	1541126138024	1541126138024	nothing
182	Lego	1541126138025	1541126138087	1541126138297	1541126138297	nothing
183	Lego	1541126138297	1541126138345	1541126138512	1541126138512	nothing
184	Lego	1541126138513	1541126138559	1541126138757	1541126138757	nothing
185	Lego	1541126138758	1541126138809	1541126139022	1541126139022	nothing
186	Lego	1541126139023	1541126139077	1541126139313	1541126139314	nothing
187	Lego	1541126139315	1541126139357	1541126139683	1541126139683	nothing
188	Lego	1541126139684	1541126139734	1541126139914	1541126139915	nothing
189	Lego	1541126139915	1541126139946	1541126140191	1541126140191	nothing
190	Lego	1541126140192	1541126140223	1541126140408	1541126140408	nothing
191	Lego	1541126140409	1541126140438	1541126140704	1541126140704	nothing
192	Lego	1541126140704	1541126140762	1541126141116	1541126141117	nothing
193	Lego	1541126141117	1541126141166	1541126141527	1541126141527	nothing
194	Lego	1541126141527	1541126141575	1541126141934	1541126141934	nothing
195	Lego	1541126141935	1541126141972	1541126142218	1541126142218	nothing
196	Lego	1541126142218	1541126142252	1541126142548	1541126142548	nothing
197	Lego	1541126142549	1541126142573	1541126142797	1541126142797	nothing
198	Lego	1541126142797	1541126142834	1541126143025	1541126143025	nothing
199	Lego	1541126143026	1541126143073	1541126143366	1541126143366	nothing
200	Lego	1541126143366	1541126143405	1541126143598	1541126143599	nothing
201	Lego	1541126143599	1541126143638	1541126143877	1541126143877	nothing
202	Lego	1541126143878	1541126143920	1541126144119	1541126144120	nothing
203	Lego	1541126144120	1541126144154	1541126144390	1541126144390	nothing
204	Lego	1541126144390	1541126144422	1541126144596	1541126144596	nothing
205	Lego	1541126144597	1541126144625	1541126144796	1541126144796	nothing
206	Lego	1541126144797	1541126144843	1541126144970	1541126144970	nothing
207	Lego	1541126144970	1541126145003	1541126145106	1541126145106	nothing
208	Lego	1541126145106	1541126145133	1541126145291	1541126145291	nothing
209	Lego	1541126145291	1541126145340	1541126145461	1541126145461	nothing
210	Lego	1541126145462	1541126145497	1541126145676	1541126145676	nothing
211	Lego	1541126145677	1541126145716	1541126145893	1541126145893	nothing
212	Lego	1541126145894	1541126145930	1541126146112	1541126146112	nothing
213	Lego	1541126146112	1541126146162	1541126146439	1541126146439	nothing
214	Lego	1541126146440	1541126146468	1541126146745	1541126146745	nothing
215	Lego	1541126146746	1541126146798	1541126147025	1541126147025	nothing
216	Lego	1541126147025	1541126147078	1541126147979	1541126147995	success
217	Lego	1541126147995	1541126148031	1541126148797	1541126148797	nothing
218	Lego	1541126148797	1541126148841	1541126149613	1541126149613	nothing
219	Lego	1541126149613	1541126149649	1541126150535	1541126150535	nothing
220	Lego	1541126150535	1541126150576	1541126151354	1541126151354	nothing
221	Lego	1541126151354	1541126151391	1541126152173	1541126152173	nothing
222	Lego	1541126152173	1541126152207	1541126152992	1541126152992	nothing
223	Lego	1541126152993	1541126153039	1541126153813	1541126153813	nothing
224	Lego	1541126153813	1541126153848	1541126154737	1541126154737	nothing
225	Lego	1541126154737	1541126154781	1541126155655	1541126155655	nothing
226	Lego	1541126155655	1541126155695	1541126156475	1541126156475	nothing
227	Lego	1541126156475	1541126156502	1541126246793	1541126246793	nothing
228	Lego	1541126246793	1541126246840	1541126247610	1541126247610	nothing
229	Lego	1541126247610	1541126247654	1541126248429	1541126248429	nothing
230	Lego	1541126248430	1541126248471	1541126249351	1541126249351	nothing
231	Lego	1541126249352	1541126249388	1541126250172	1541126250172	nothing
232	Lego	1541126250173	1541126250223	1541126250990	1541126250990	nothing
233	Lego	1541126250990	1541126251033	1541126251808	1541126251808	nothing
234	Lego	1541126251809	1541126251849	1541126252630	1541126252630	nothing
235	Lego	1541126252631	1541126252672	1541126253448	1541126253448	nothing
236	Lego	1541126253448	1541126253478	1541126253713	1541126253713	nothing
237	Lego	1541126253713	1541126253747	1541126253932	1541126253932	nothing
238	Lego	1541126253933	1541126253969	1541126254266	1541126254266	nothing
239	Lego	1541126254266	1541126254302	1541126254496	1541126254497	nothing
240	Lego	1541126254497	1541126254524	1541126254777	1541126254777	nothing
241	Lego	1541126254777	1541126254803	1541126254998	1541126254998	nothing
242	Lego	1541126254998	1541126255033	1541126255803	1541126255803	nothing
243	Lego	1541126255803	1541126255850	1541126256621	1541126256621	nothing
244	Lego	1541126256621	1541126256674	1541126257440	1541126257440	nothing
245	Lego	1541126257442	1541126257484	1541126258158	1541126258158	nothing
246	Lego	1541126258158	1541126258208	1541126265940	1541126265940	nothing
247	Lego	1541126265940	1541126266000	1541126266761	1541126266761	nothing
248	Lego	1541126266761	1541126266793	1541126268704	1541126268704	nothing
249	Lego	1541126268705	1541126268760	1541126269626	1541126269626	nothing
250	Lego	1541126269626	1541126269670	1541126270445	1541126270445	nothing
251	Lego	1541126270445	1541126270495	1541126271265	1541126271265	nothing
252	Lego	1541126271265	1541126271305	1541126272088	1541126272089	nothing
253	Lego	1541126272089	1541126272116	1541126272903	1541126272903	nothing
254	Lego	1541126272903	1541126272963	1541126273827	1541126273827	nothing
255	Lego	1541126273828	1541126273850	1541126274643	1541126274644	nothing
256	Lego	1541126274644	1541126274698	1541126275463	1541126275463	nothing
257	Lego	1541126275464	1541126275512	1541126276282	1541126276282	nothing
258	Lego	1541126276282	1541126276318	1541126277101	1541126277101	nothing
259	Lego	1541126277102	1541126277135	1541126277920	1541126277920	nothing
260	Lego	1541126277920	1541126277955	1541126278740	1541126278740	nothing
261	Lego	1541126278740	1541126278780	1541126279559	1541126279559	nothing
262	Lego	1541126279560	1541126279599	1541126280378	1541126280378	nothing
263	Lego	1541126280378	1541126280421	1541126281198	1541126281198	nothing
264	Lego	1541126281198	1541126281258	1541126282119	1541126282119	nothing
265	Lego	1541126282119	1541126282148	1541126283041	1541126283041	nothing
266	Lego	1541126283041	1541126283065	1541126283860	1541126283860	nothing
267	Lego	1541126283860	1541126283888	1541126284679	1541126284679	nothing
268	Lego	1541126284679	1541126284715	1541126285498	1541126285498	nothing
269	Lego	1541126285498	1541126285545	1541126285719	1541126285719	nothing
270	Lego	1541126285719	1541126285765	1541126285991	1541126285991	nothing
271	Lego	1541126285991	1541126286029	1541126286215	1541126286215	nothing
272	Lego	1541126286215	1541126286262	1541126286493	1541126286493	nothing
273	Lego	1541126286493	1541126286537	1541126286688	1541126286688	nothing
274	Lego	1541126286689	1541126286735	1541126286919	1541126286919	nothing
275	Lego	1541126286919	1541126286974	1541126287341	1541126287341	nothing
276	Lego	1541126287341	1541126287390	1541126287649	1541126287650	nothing
277	Lego	1541126287650	1541126287692	1541126287957	1541126287957	nothing
278	Lego	1541126287957	1541126288003	1541126288569	1541126288569	nothing
279	Lego	1541126288570	1541126288610	1541126288808	1541126288808	nothing
280	Lego	1541126288808	1541126288842	1541126289025	1541126289025	nothing
281	Lego	1541126289026	1541126289073	1541126289389	1541126289390	nothing
282	Lego	1541126289390	1541126289438	1541126289627	1541126289627	nothing
283	Lego	1541126289628	1541126289655	1541126289892	1541126289892	nothing
284	Lego	1541126289892	1541126289920	1541126290312	1541126290312	nothing
285	Lego	1541126290312	1541126290358	1541126290604	1541126290604	nothing
286	Lego	1541126290605	1541126290641	1541126290841	1541126290841	nothing
287	Lego	1541126290841	1541126290871	1541126291232	1541126291232	nothing
288	Lego	1541126291232	1541126291264	1541126291542	1541126291542	nothing
289	Lego	1541126291542	1541126291581	1541126291949	1541126291949	nothing
290	Lego	1541126291949	1541126291994	1541126292230	1541126292230	nothing
291	Lego	1541126292231	1541126292264	1541126292564	1541126292564	nothing
292	Lego	1541126292564	1541126292596	1541126292822	1541126292822	nothing
293	Lego	1541126292823	1541126292867	1541126293178	1541126293178	nothing
294	Lego	1541126293179	1541126293218	1541126293428	1541126293428	nothing
295	Lego	1541126293428	1541126293466	1541126293793	1541126293793	nothing
296	Lego	1541126293793	1541126293827	1541126294032	1541126294032	nothing
297	Lego	1541126294032	1541126294074	1541126294407	1541126294407	nothing
298	Lego	1541126294407	1541126294443	1541126294641	1541126294641	nothing
299	Lego	1541126294641	1541126294684	1541126295021	1541126295021	nothing
300	Lego	1541126295022	1541126295081	1541126295355	1541126295355	nothing
301	Lego	1541126295356	1541126295385	1541126295738	1541126295738	nothing
302	Lego	1541126295738	1541126295781	1541126296148	1541126296148	nothing
303	Lego	1541126296148	1541126296195	1541126296460	1541126296460	nothing
304	Lego	1541126296461	1541126296501	1541126296763	1541126296764	nothing
305	Lego	1541126296764	1541126296809	1541126297032	1541126297032	nothing
306	Lego	1541126297032	1541126297077	1541126297377	1541126297377	nothing
307	Lego	1541126297378	1541126297413	1541126297633	1541126297634	nothing
308	Lego	1541126297634	1541126297675	1541126297991	1541126297991	nothing
309	Lego	1541126297991	1541126298037	1541126298234	1541126298234	nothing
310	Lego	1541126298236	1541126298278	1541126298605	1541126298605	nothing
311	Lego	1541126298605	1541126298647	1541126298847	1541126298847	nothing
312	Lego	1541126298847	1541126298880	1541126299220	1541126299220	nothing
313	Lego	1541126299220	1541126299276	1541126299630	1541126299630	nothing
314	Lego	1541126299633	1541126299682	1541126300040	1541126300040	nothing
315	Lego	1541126300040	1541126300079	1541126300450	1541126300450	nothing
316	Lego	1541126300450	1541126300492	1541126300755	1541126300755	nothing
317	Lego	1541126300756	1541126300812	1541126301051	1541126301051	nothing
318	Lego	1541126301052	1541126301095	1541126301371	1541126301371	nothing
319	Lego	1541126301371	1541126301415	1541126301632	1541126301633	nothing
320	Lego	1541126301633	1541126301678	1541126301984	1541126301984	nothing
321	Lego	1541126301985	1541126302025	1541126302229	1541126302229	nothing
322	Lego	1541126302230	1541126302283	1541126302599	1541126302599	nothing
323	Lego	1541126302599	1541126302643	1541126302853	1541126302853	nothing
324	Lego	1541126302853	1541126302880	1541126303214	1541126303214	nothing
325	Lego	1541126303214	1541126303263	1541126303622	1541126303622	nothing
326	Lego	1541126303623	1541126303663	1541126304033	1541126304033	nothing
327	Lego	1541126304033	1541126304083	1541126304443	1541126304443	nothing
328	Lego	1541126304444	1541126304489	1541126304852	1541126304852	nothing
329	Lego	1541126304852	1541126304888	1541126305159	1541126305159	nothing
330	Lego	1541126305159	1541126305210	1541126305440	1541126305440	nothing
331	Lego	1541126305441	1541126305482	1541126305774	1541126305774	nothing
332	Lego	1541126305775	1541126305824	1541126306048	1541126306048	nothing
333	Lego	1541126306049	1541126306078	1541126306387	1541126306387	nothing
334	Lego	1541126306387	1541126306415	1541126306694	1541126306694	nothing
335	Lego	1541126306694	1541126306750	1541126307103	1541126307103	nothing
336	Lego	1541126307104	1541126307139	1541126307337	1541126307337	nothing
337	Lego	1541126307337	1541126307379	1541126307718	1541126307718	nothing
338	Lego	1541126307718	1541126307761	1541126308127	1541126308127	nothing
339	Lego	1541126308127	1541126308153	1541126308537	1541126308537	nothing
340	Lego	1541126308537	1541126308570	1541126308947	1541126308947	nothing
341	Lego	1541126308948	1541126308975	1541126309214	1541126309214	nothing
342	Lego	1541126309214	1541126309262	1541126309562	1541126309562	nothing
343	Lego	1541126309562	1541126309602	1541126309873	1541126309873	nothing
344	Lego	1541126309873	1541126309901	1541126310176	1541126310177	nothing
345	Lego	1541126310177	1541126310221	1541126310444	1541126310444	nothing
346	Lego	1541126310444	1541126310478	1541126310791	1541126310791	nothing
347	Lego	1541126310792	1541126310834	1541126311057	1541126311057	nothing
348	Lego	1541126311057	1541126311086	1541126311301	1541126311301	nothing
349	Lego	1541126311302	1541126311352	1541126311609	1541126311609	nothing
350	Lego	1541126311609	1541126311641	1541126311840	1541126311840	nothing
351	Lego	1541126311840	1541126311869	1541126312225	1541126312225	nothing
352	Lego	1541126312225	1541126312293	1541126312523	1541126312523	nothing
353	Lego	1541126312524	1541126312570	1541126312838	1541126312838	nothing
354	Lego	1541126312838	1541126312880	1541126313145	1541126313146	nothing
355	Lego	1541126313146	1541126313171	1541126313455	1541126313455	nothing
356	Lego	1541126313455	1541126313492	1541126313760	1541126313760	nothing
357	Lego	1541126313760	1541126313810	1541126314011	1541126314011	nothing
358	Lego	1541126314011	1541126314048	1541126314272	1541126314272	nothing
359	Lego	1541126314272	1541126314307	1541126314482	1541126314482	nothing
360	Lego	1541126314482	1541126314534	1541126314715	1541126314715	nothing
361	Lego	1541126314715	1541126314764	1541126315091	1541126315091	nothing
362	Lego	1541126315092	1541126315128	1541126315314	1541126315314	nothing
363	Lego	1541126315314	1541126315364	1541126315706	1541126315706	nothing
364	Lego	1541126315706	1541126315747	1541126315960	1541126315961	nothing
365	Lego	1541126315961	1541126315999	1541126316836	1541126316848	success
366	Lego	1541126316849	1541126316914	1541126317651	1541126317651	nothing
367	Lego	1541126317652	1541126317681	1541126317960	1541126317960	nothing
368	Lego	1541126317960	1541126318014	1541126318778	1541126318778	nothing
369	Lego	1541126318778	1541126318825	1541126319602	1541126319602	nothing
370	Lego	1541126319603	1541126319638	1541126320519	1541126320519	nothing
371	Lego	1541126320519	1541126320566	1541126321338	1541126321339	nothing
372	Lego	1541126321339	1541126321375	1541126322157	1541126322157	nothing
373	Lego	1541126322158	1541126322205	1541126322976	1541126322976	nothing
374	Lego	1541126322977	1541126323016	1541126323209	1541126323209	nothing
375	Lego	1541126323209	1541126323247	1541126323487	1541126323487	nothing
376	Lego	1541126323487	1541126323535	1541126323724	1541126323724	nothing
377	Lego	1541126323724	1541126323762	1541126324104	1541126324104	nothing
378	Lego	1541126324106	1541126324150	1541126324923	1541126324923	nothing
379	Lego	1541126324924	1541126324977	1541126325744	1541126325744	nothing
380	Lego	1541126325744	1541126325790	1541126326560	1541126326560	nothing
381	Lego	1541126326561	1541126326586	1541126327415	1541126327415	nothing
382	Lego	1541126327416	1541126327455	1541126328301	1541126328301	nothing
383	Lego	1541126328301	1541126328337	1541126329120	1541126329120	nothing
384	Lego	1541126329120	1541126329160	1541126330059	1541126330059	nothing
385	Lego	1541126330060	1541126330105	1541126330862	1541126330862	nothing
386	Lego	1541126330863	1541126330917	1541126331682	1541126331682	nothing
387	Lego	1541126331683	1541126331730	1541126332500	1541126332500	nothing
388	Lego	1541126332500	1541126332537	1541126333320	1541126333320	nothing
389	Lego	1541126333321	1541126333360	1541126334138	1541126334138	nothing
390	Lego	1541126334138	1541126334178	1541126334962	1541126334962	nothing
391	Lego	1541126334962	1541126335017	1541126335776	1541126335776	nothing
392	Lego	1541126335779	1541126335818	1541126336597	1541126336597	nothing
393	Lego	1541126336597	1541126336646	1541126337312	1541126337312	nothing
394	Lego	1541126337313	1541126337350	1541126338132	1541126338132	nothing
395	Lego	1541126338132	1541126338180	1541126338951	1541126338951	nothing
396	Lego	1541126338952	1541126338995	1541126339770	1541126339770	nothing
397	Lego	1541126339771	1541126339807	1541126340487	1541126340487	nothing
398	Lego	1541126340487	1541126340531	1541126341306	1541126341307	nothing
399	Lego	1541126341307	1541126341346	1541126342228	1541126342228	nothing
400	Lego	1541126342228	1541126342270	1541126343051	1541126343051	nothing
401	Lego	1541126343052	1541126343098	1541126343868	1541126343868	nothing
402	Lego	1541126343868	1541126343910	1541126344686	1541126344686	nothing
403	Lego	1541126344686	1541126344728	1541126345509	1541126345509	nothing
404	Lego	1541126345509	1541126345555	1541126346327	1541126346327	nothing
405	Lego	1541126346327	1541126346353	1541126347043	1541126347043	nothing
406	Lego	1541126347044	1541126347069	1541126347859	1541126347859	nothing
407	Lego	1541126347860	1541126347894	1541126348132	1541126348132	nothing
408	Lego	1541126348132	1541126348172	1541126348435	1541126348435	nothing
409	Lego	1541126348436	1541126348485	1541126348702	1541126348702	nothing
410	Lego	1541126348703	1541126348738	1541126348931	1541126348931	nothing
411	Lego	1541126348931	1541126348983	1541126349293	1541126349294	nothing
412	Lego	1541126349294	1541126349359	1541126349703	1541126349703	nothing
413	Lego	1541126349703	1541126349742	1541126349920	1541126349920	nothing
414	Lego	1541126349920	1541126349946	1541126350214	1541126350215	nothing
415	Lego	1541126350215	1541126350265	1541126350516	1541126350516	nothing
416	Lego	1541126350516	1541126350558	1541126350915	1541126350915	nothing
417	Lego	1541126350915	1541126350961	1541126351252	1541126351252	nothing
418	Lego	1541126351252	1541126351295	1541126351750	1541126351750	nothing
419	Lego	1541126351750	1541126351797	1541126352057	1541126352057	nothing
420	Lego	1541126352058	1541126352100	1541126352326	1541126352326	nothing
421	Lego	1541126352326	1541126352360	1541126353086	1541126353086	nothing
422	Lego	1541126353086	1541126353128	1541126353320	1541126353320	nothing
423	Lego	1541126353321	1541126353359	1541126353696	1541126353696	nothing
424	Lego	1541126353696	1541126353728	1541126353922	1541126353922	nothing
425	Lego	1541126353922	1541126353958	1541126354310	1541126354310	nothing
426	Lego	1541126354311	1541126354363	1541126354722	1541126354722	nothing
427	Lego	1541126354722	1541126354759	1541126355028	1541126355028	nothing
428	Lego	1541126355029	1541126355078	1541126355308	1541126355308	nothing
429	Lego	1541126355309	1541126355368	1541126355642	1541126355642	nothing
430	Lego	1541126355642	1541126355697	1541126355916	1541126355916	nothing
431	Lego	1541126355916	1541126355952	1541126356157	1541126356157	nothing
432	Lego	1541126356157	1541126356197	1541126356461	1541126356461	nothing
433	Lego	1541126356461	1541126356499	1541126356730	1541126356730	nothing
434	Lego	1541126356730	1541126356776	1541126357075	1541126357075	nothing
435	Lego	1541126357075	1541126357114	1541126357318	1541126357318	nothing
436	Lego	1541126357318	1541126357356	1541126357692	1541126357692	nothing
437	Lego	1541126357693	1541126357741	1541126358103	1541126358104	nothing
438	Lego	1541126358104	1541126358130	1541126358321	1541126358321	nothing
439	Lego	1541126358322	1541126358365	1541126358714	1541126358714	nothing
440	Lego	1541126358714	1541126358751	1541126358961	1541126358961	nothing
441	Lego	1541126358961	1541126358985	1541126359227	1541126359227	nothing
442	Lego	1541126359227	1541126359269	1541126359438	1541126359438	nothing
443	Lego	1541126359439	1541126359483	1541126359737	1541126359737	nothing
444	Lego	1541126359738	1541126359781	1541126360001	1541126360001	nothing
445	Lego	1541126360001	1541126360037	1541126360353	1541126360353	nothing
446	Lego	1541126360354	1541126360390	1541126360661	1541126360661	nothing
447	Lego	1541126360664	1541126360706	1541126360934	1541126360934	nothing
448	Lego	1541126360934	1541126360979	1541126361274	1541126361274	nothing
449	Lego	1541126361275	1541126361322	1541126361520	1541126361520	nothing
450	Lego	1541126361520	1541126361561	1541126361888	1541126361888	nothing
451	Lego	1541126361889	1541126361927	1541126362069	1541126362069	nothing
452	Lego	1541126362070	1541126362111	1541126362244	1541126362244	nothing
453	Lego	1541126362244	1541126362289	1541126362428	1541126362428	nothing
454	Lego	1541126362428	1541126362475	1541126362681	1541126362681	nothing
455	Lego	1541126362681	1541126362711	1541126362873	1541126362873	nothing
456	Lego	1541126362873	1541126362902	1541126363129	1541126363129	nothing
457	Lego	1541126363129	1541126363161	1541126363527	1541126363527	nothing
458	Lego	1541126363527	1541126363559	1541126363836	1541126363836	nothing
459	Lego	1541126363836	1541126363872	1541126364140	1541126364141	nothing
460	Lego	1541126364141	1541126364178	1541126364449	1541126364449	nothing
461	Lego	1541126364449	1541126364482	1541126364754	1541126364754	nothing
462	Lego	1541126364755	1541126364786	1541126365064	1541126365064	nothing
463	Lego	1541126365064	1541126365104	1541126365313	1541126365313	nothing
464	Lego	1541126365314	1541126365359	1541126365677	1541126365677	nothing
465	Lego	1541126365677	1541126365716	1541126365913	1541126365913	nothing
466	Lego	1541126365913	1541126365948	1541126366189	1541126366189	nothing
467	Lego	1541126366189	1541126366218	1541126366420	1541126366420	nothing
468	Lego	1541126366420	1541126366450	1541126366700	1541126366700	nothing
469	Lego	1541126366700	1541126366753	1541126366993	1541126366993	nothing
470	Lego	1541126366993	1541126367047	1541126367315	1541126367315	nothing
471	Lego	1541126367315	1541126367352	1541126367532	1541126367532	nothing
472	Lego	1541126367533	1541126367579	1541126367931	1541126367931	nothing
473	Lego	1541126367931	1541126367973	1541126368341	1541126368341	nothing
474	Lego	1541126368341	1541126368391	1541126368628	1541126368628	nothing
475	Lego	1541126368629	1541126368672	1541126368953	1541126368953	nothing
476	Lego	1541126368954	1541126368981	1541126369367	1541126369367	nothing
477	Lego	1541126369367	1541126369403	1541126369671	1541126369671	nothing
478	Lego	1541126369671	1541126369715	1541126370285	1541126370285	nothing
479	Lego	1541126370286	1541126370331	1541126370558	1541126370558	nothing
480	Lego	1541126370558	1541126370600	1541126370822	1541126370822	nothing
481	Lego	1541126370823	1541126370870	1541126371206	1541126371206	nothing
482	Lego	1541126371206	1541126371260	1541126371620	1541126371620	nothing
483	Lego	1541126371620	1541126371665	1541126372131	1541126372131	nothing
484	Lego	1541126372132	1541126372181	1541126372538	1541126372538	nothing
485	Lego	1541126372538	1541126372579	1541126372948	1541126372948	nothing
486	Lego	1541126372948	1541126372977	1541126373357	1541126373357	nothing
487	Lego	1541126373358	1541126373392	1541126373665	1541126373665	nothing
488	Lego	1541126373665	1541126373708	1541126373916	1541126373917	nothing
489	Lego	1541126373918	1541126373959	1541126374175	1541126374175	nothing
490	Lego	1541126374176	1541126374206	1541126374484	1541126374484	nothing
491	Lego	1541126374484	1541126374539	1541126374702	1541126374702	nothing
492	Lego	1541126374702	1541126374741	1541126374920	1541126374920	nothing
493	Lego	1541126374920	1541126374959	1541126375142	1541126375142	nothing
494	Lego	1541126375142	1541126375189	1541126375508	1541126375508	nothing
495	Lego	1541126375508	1541126375550	1541126375919	1541126375919	nothing
496	Lego	1541126375920	1541126375963	1541126376849	1541126376865	success
497	Lego	1541126376865	1541126376914	1541126377658	1541126377659	nothing
498	Lego	1541126377659	1541126377683	1541126378477	1541126378477	nothing
499	Lego	1541126378478	1541126378530	1541126379194	1541126379194	nothing
500	Lego	1541126379194	1541126379222	1541126380017	1541126380017	nothing
501	Lego	1541126380017	1541126380068	1541126380935	1541126380935	nothing
502	Lego	1541126380936	1541126380976	1541126381754	1541126381754	nothing
503	Lego	1541126381754	1541126381812	1541126382573	1541126382573	nothing
504	Lego	1541126382573	1541126382610	1541126383394	1541126383394	nothing
505	Lego	1541126383394	1541126383430	1541126384211	1541126384212	nothing
506	Lego	1541126384212	1541126384252	1541126384463	1541126384463	nothing
507	Lego	1541126384464	1541126384492	1541126384825	1541126384825	nothing
508	Lego	1541126384825	1541126384867	1541126385238	1541126385238	nothing
509	Lego	1541126385239	1541126385268	1541126385547	1541126385547	nothing
510	Lego	1541126385547	1541126385593	1541126385850	1541126385850	nothing
511	Lego	1541126385850	1541126385889	1541126386118	1541126386118	nothing
512	Lego	1541126386118	1541126386173	1541126386463	1541126386463	nothing
513	Lego	1541126386464	1541126386501	1541126386714	1541126386714	nothing
514	Lego	1541126386714	1541126386759	1541126387078	1541126387078	nothing
515	Lego	1541126387078	1541126387118	1541126387332	1541126387332	nothing
516	Lego	1541126387332	1541126387382	1541126387693	1541126387693	nothing
517	Lego	1541126387693	1541126387736	1541126388410	1541126388410	nothing
518	Lego	1541126388410	1541126388434	1541126389127	1541126389127	nothing
519	Lego	1541126389127	1541126389158	1541126389947	1541126389947	nothing
520	Lego	1541126389947	1541126389984	1541126390765	1541126390765	nothing
521	Lego	1541126390766	1541126390820	1541126391584	1541126391584	nothing
522	Lego	1541126391585	1541126391631	1541126392404	1541126392404	nothing
523	Lego	1541126392404	1541126392442	1541126393225	1541126393225	nothing
524	Lego	1541126393225	1541126393253	1541126394042	1541126394042	nothing
525	Lego	1541126394042	1541126394078	1541126394861	1541126394861	nothing
526	Lego	1541126394862	1541126394892	1541126395167	1541126395167	nothing
527	Lego	1541126395167	1541126395201	1541126395424	1541126395424	nothing
528	Lego	1541126395424	1541126395459	1541126395679	1541126395679	nothing
529	Lego	1541126395680	1541126395726	1541126395890	1541126395890	nothing
530	Lego	1541126395890	1541126395913	1541126396191	1541126396192	nothing
531	Lego	1541126396192	1541126396238	1541126396602	1541126396602	nothing
532	Lego	1541126396602	1541126396633	1541126396812	1541126396812	nothing
533	Lego	1541126396812	1541126396840	1541126397114	1541126397115	nothing
534	Lego	1541126397115	1541126397166	1541126397381	1541126397381	nothing
535	Lego	1541126397381	1541126397434	1541126397560	1541126397561	nothing
536	Lego	1541126397561	1541126397605	1541126397806	1541126397806	nothing
537	Lego	1541126397806	1541126397844	1541126398024	1541126398024	nothing
538	Lego	1541126398025	1541126398080	1541126398311	1541126398311	nothing
539	Lego	1541126398312	1541126398353	1541126398649	1541126398649	nothing
540	Lego	1541126398649	1541126398697	1541126398957	1541126398957	nothing
541	Lego	1541126398958	1541126399000	1541126399220	1541126399220	nothing
542	Lego	1541126399220	1541126399261	1541126399572	1541126399572	nothing
543	Lego	1541126399572	1541126399619	1541126399821	1541126399821	nothing
544	Lego	1541126399821	1541126399855	1541126400186	1541126400186	nothing
545	Lego	1541126400186	1541126400216	1541126400434	1541126400434	nothing
546	Lego	1541126400435	1541126400458	1541126400801	1541126400801	nothing
547	Lego	1541126400801	1541126400831	1541126401030	1541126401030	nothing
548	Lego	1541126401030	1541126401078	1541126401415	1541126401415	nothing
549	Lego	1541126401415	1541126401442	1541126401640	1541126401640	nothing
550	Lego	1541126401640	1541126401670	1541126402030	1541126402030	nothing
551	Lego	1541126402030	1541126402069	1541126402439	1541126402439	nothing
552	Lego	1541126402439	1541126402466	1541126402951	1541126402951	nothing
553	Lego	1541126402951	1541126402979	1541126403257	1541126403257	nothing
554	Lego	1541126403257	1541126403288	1541126403565	1541126403565	nothing
555	Lego	1541126403566	1541126403615	1541126403834	1541126403834	nothing
556	Lego	1541126403835	1541126403882	1541126404180	1541126404180	nothing
557	Lego	1541126404180	1541126404219	1541126404428	1541126404428	nothing
558	Lego	1541126404428	1541126404471	1541126404794	1541126404794	nothing
559	Lego	1541126404794	1541126404840	1541126405204	1541126405204	nothing
560	Lego	1541126405204	1541126405246	1541126405458	1541126405458	nothing
561	Lego	1541126405459	1541126405503	1541126405817	1541126405817	nothing
562	Lego	1541126405817	1541126405854	1541126406059	1541126406059	nothing
563	Lego	1541126406059	1541126406113	1541126406325	1541126406325	nothing
564	Lego	1541126406325	1541126406365	1541126406740	1541126406740	nothing
565	Lego	1541126406742	1541126406765	1541126407150	1541126407150	nothing
566	Lego	1541126407150	1541126407186	1541126440330	1541126440330	nothing
567	Lego	1541126440331	1541126440379	1541126440636	1541126440636	nothing
568	Lego	1541126440637	1541126440679	1541126440894	1541126440894	nothing
569	Lego	1541126440894	1541126440928	1541126441254	1541126441254	nothing
570	Lego	1541126441254	1541126441306	1541126441532	1541126441532	nothing
571	Lego	1541126441533	1541126441570	1541126441865	1541126441865	nothing
572	Lego	1541126441865	1541126441917	1541126442172	1541126442172	nothing
573	Lego	1541126442172	1541126442218	1541126442430	1541126442430	nothing
574	Lego	1541126442430	1541126442477	1541126442786	1541126442786	nothing
575	Lego	1541126442787	1541126442844	1541126443051	1541126443051	nothing
576	Lego	1541126443051	1541126443112	1541126443402	1541126443402	nothing
577	Lego	1541126443402	1541126443440	1541126443634	1541126443634	nothing
578	Lego	1541126443634	1541126443683	1541126444016	1541126444017	nothing
579	Lego	1541126444017	1541126444057	1541126444426	1541126444426	nothing
580	Lego	1541126444426	1541126444471	1541126444835	1541126444835	nothing
581	Lego	1541126444835	1541126444891	1541126445245	1541126445245	nothing
582	Lego	1541126445245	1541126445280	1541126445654	1541126445655	nothing
583	Lego	1541126445655	1541126445702	1541126445924	1541126445924	nothing
584	Lego	1541126445924	1541126445958	1541126446168	1541126446168	nothing
585	Lego	1541126446169	1541126446196	1541126446432	1541126446432	nothing
586	Lego	1541126446433	1541126446482	1541126446780	1541126446780	nothing
587	Lego	1541126446781	1541126446829	1541126447025	1541126447025	nothing
588	Lego	1541126447025	1541126447067	1541126447394	1541126447394	nothing
589	Lego	1541126447395	1541126447447	1541126447621	1541126447621	nothing
590	Lego	1541126447621	1541126447649	1541126447835	1541126447835	nothing
591	Lego	1541126447835	1541126447878	1541126448216	1541126448216	nothing
592	Lego	1541126448217	1541126448254	1541126448624	1541126448624	nothing
593	Lego	1541126448625	1541126448677	1541126449034	1541126449034	nothing
594	Lego	1541126449034	1541126449076	1541126449444	1541126449444	nothing
595	Lego	1541126449444	1541126449492	1541126449853	1541126449853	nothing
596	Lego	1541126449854	1541126449896	1541126450159	1541126450160	nothing
597	Lego	1541126450160	1541126450198	1541126450417	1541126450417	nothing
598	Lego	1541126450417	1541126450448	1541126450774	1541126450774	nothing
599	Lego	1541126450775	1541126450798	1541126451024	1541126451024	nothing
600	Lego	1541126451025	1541126451062	1541126451594	1541126451594	nothing
601	Lego	1541126451594	1541126451631	1541126451846	1541126451846	nothing
602	Lego	1541126451846	1541126451886	1541126452208	1541126452208	nothing
603	Lego	1541126452209	1541126452254	1541126452535	1541126452535	nothing
604	Lego	1541126452536	1541126452590	1541126453442	1541126453459	success
605	Lego	1541126453459	1541126453518	1541126454360	1541126454360	nothing
606	Lego	1541126454360	1541126454397	1541126455178	1541126455179	nothing
607	Lego	1541126455181	1541126455222	1541126455999	1541126455999	nothing
608	Lego	1541126455999	1541126456030	1541126456819	1541126456819	nothing
609	Lego	1541126456820	1541126456846	1541126457533	1541126457533	nothing
610	Lego	1541126457533	1541126457563	1541126458355	1541126458355	nothing
611	Lego	1541126458355	1541126458397	1541126459171	1541126459171	nothing
612	Lego	1541126459171	1541126459213	1541126459991	1541126459991	nothing
613	Lego	1541126459992	1541126460042	1541126460810	1541126460810	nothing
614	Lego	1541126460810	1541126460864	1541126461527	1541126461527	nothing
615	Lego	1541126461527	1541126461564	1541126462141	1541126462141	nothing
616	Lego	1541126462142	1541126462194	1541126462755	1541126462755	nothing
617	Lego	1541126462756	1541126462804	1541126463576	1541126463576	nothing
618	Lego	1541126463577	1541126463616	1541126464394	1541126464394	nothing
619	Lego	1541126464395	1541126464428	1541126465213	1541126465213	nothing
620	Lego	1541126465214	1541126465254	1541126466037	1541126466037	nothing
621	Lego	1541126466037	1541126466061	1541126466851	1541126466851	nothing
622	Lego	1541126466852	1541126466893	1541126467671	1541126467671	nothing
623	Lego	1541126467671	1541126467721	1541126468490	1541126468490	nothing
624	Lego	1541126468490	1541126468525	1541126468738	1541126468738	nothing
625	Lego	1541126468738	1541126468776	1541126469004	1541126469004	nothing
626	Lego	1541126469005	1541126469043	1541126469309	1541126469309	nothing
627	Lego	1541126469309	1541126469347	1541126469616	1541126469616	nothing
628	Lego	1541126469616	1541126469659	1541126470435	1541126470435	nothing
629	Lego	1541126470436	1541126470471	1541126471255	1541126471256	nothing
630	Lego	1541126471256	1541126471282	1541126472178	1541126472178	nothing
631	Lego	1541126472179	1541126472217	1541126472995	1541126472995	nothing
632	Lego	1541126472995	1541126473023	1541126473815	1541126473815	nothing
633	Lego	1541126473815	1541126473849	1541126474736	1541126474736	nothing
634	Lego	1541126474736	1541126474774	1541126475558	1541126475558	nothing
635	Lego	1541126475558	1541126475592	1541126476272	1541126476272	nothing
636	Lego	1541126476273	1541126476308	1541126478525	1541126478525	nothing
637	Lego	1541126478526	1541126478574	1541126479344	1541126479344	nothing
638	Lego	1541126479344	1541126479395	1541126480163	1541126480163	nothing
639	Lego	1541126480164	1541126480213	1541126480983	1541126480983	nothing
640	Lego	1541126480984	1541126481027	1541126481802	1541126481802	nothing
641	Lego	1541126481803	1541126481845	1541126482621	1541126482622	nothing
642	Lego	1541126482622	1541126482661	1541126483440	1541126483440	nothing
643	Lego	1541126483440	1541126483486	1541126484260	1541126484260	nothing
644	Lego	1541126484260	1541126484307	1541126484458	1541126484458	nothing
645	Lego	1541126484458	1541126484502	1541126484674	1541126484674	nothing
646	Lego	1541126484676	1541126484714	1541126484856	1541126484856	nothing
647	Lego	1541126484856	1541126484910	1541126485046	1541126485046	nothing
648	Lego	1541126485046	1541126485089	1541126485315	1541126485315	nothing
649	Lego	1541126485315	1541126485340	1541126485699	1541126485699	nothing
650	Lego	1541126485700	1541126485743	1541126486105	1541126486105	nothing
651	Lego	1541126486106	1541126486147	1541126486514	1541126486515	nothing
652	Lego	1541126486515	1541126486552	1541126486821	1541126486821	nothing
653	Lego	1541126486821	1541126486859	1541126487228	1541126487228	nothing
654	Lego	1541126487229	1541126487272	1541126487638	1541126487638	nothing
655	Lego	1541126487639	1541126487687	1541126488253	1541126488253	nothing
656	Lego	1541126488253	1541126488294	1541126488517	1541126488517	nothing
657	Lego	1541126488517	1541126488569	1541126488868	1541126488868	nothing
658	Lego	1541126488869	1541126488921	1541126489036	1541126489036	nothing
659	Lego	1541126489037	1541126489065	1541126489239	1541126489239	nothing
660	Lego	1541126489240	1541126489275	1541126489583	1541126489583	nothing
661	Lego	1541126489584	1541126489620	1541126489796	1541126489796	nothing
662	Lego	1541126489796	1541126489854	1541126490045	1541126490045	nothing
663	Lego	1541126490045	1541126490079	1541126490406	1541126490406	nothing
664	Lego	1541126490407	1541126490455	1541126490813	1541126490813	nothing
665	Lego	1541126490813	1541126490842	1541126491010	1541126491010	nothing
666	Lego	1541126491010	1541126491058	1541126491240	1541126491240	nothing
667	Lego	1541126491240	1541126491263	1541126491530	1541126491530	nothing
668	Lego	1541126491530	1541126491568	1541126491836	1541126491836	nothing
669	Lego	1541126491837	1541126491892	1541126492122	1541126492122	nothing
670	Lego	1541126492122	1541126492167	1541126492450	1541126492451	nothing
671	Lego	1541126492451	1541126492490	1541126492729	1541126492729	nothing
672	Lego	1541126492730	1541126492772	1541126493169	1541126493169	nothing
673	Lego	1541126493170	1541126493198	1541126493377	1541126493377	nothing
674	Lego	1541126493378	1541126493425	1541126493679	1541126493679	nothing
675	Lego	1541126493680	1541126493709	1541126493899	1541126493899	nothing
676	Lego	1541126493899	1541126493948	1541126494191	1541126494191	nothing
677	Lego	1541126494191	1541126494221	1541126494404	1541126494405	nothing
678	Lego	1541126494405	1541126494455	1541126494704	1541126494704	nothing
679	Lego	1541126494705	1541126494732	1541126494910	1541126494911	nothing
680	Lego	1541126494913	1541126494939	1541126495216	1541126495216	nothing
681	Lego	1541126495216	1541126495244	1541126495426	1541126495426	nothing
682	Lego	1541126495427	1541126495483	1541126495701	1541126495702	nothing
683	Lego	1541126495702	1541126495750	1541126495921	1541126495921	nothing
684	Lego	1541126495922	1541126495964	1541126496150	1541126496150	nothing
685	Lego	1541126496152	1541126496194	1541126496446	1541126496446	nothing
686	Lego	1541126496446	1541126496486	1541126496709	1541126496709	nothing
687	Lego	1541126496709	1541126496753	1541126496939	1541126496939	nothing
688	Lego	1541126496939	1541126496984	1541126497174	1541126497174	nothing
689	Lego	1541126497175	1541126497219	1541126497408	1541126497408	nothing
690	Lego	1541126497408	1541126497454	1541126497673	1541126497673	nothing
691	Lego	1541126497673	1541126497720	1541126497930	1541126497930	nothing
692	Lego	1541126497930	1541126497986	1541126498292	1541126498292	nothing
693	Lego	1541126498293	1541126498332	1541126498511	1541126498511	nothing
694	Lego	1541126498511	1541126498535	1541126498801	1541126498801	nothing
695	Lego	1541126498801	1541126498843	1541126498980	1541126498980	nothing
696	Lego	1541126498981	1541126499021	1541126499145	1541126499145	nothing
697	Lego	1541126499146	1541126499193	1541126499376	1541126499376	nothing
698	Lego	1541126499376	1541126499435	1541126499622	1541126499622	nothing
699	Lego	1541126499623	1541126499668	1541126499926	1541126499927	nothing
700	Lego	1541126499927	1541126499971	1541126500336	1541126500336	nothing
701	Lego	1541126500336	1541126500365	1541126500643	1541126500643	nothing
702	Lego	1541126500643	1541126500690	1541126500886	1541126500886	nothing
703	Lego	1541126500887	1541126500940	1541126501157	1541126501157	nothing
704	Lego	1541126501158	1541126501196	1541126501568	1541126501569	nothing
705	Lego	1541126501570	1541126501613	1541126501811	1541126501811	nothing
706	Lego	1541126501811	1541126501850	1541126502039	1541126502039	nothing
707	Lego	1541126502040	1541126502093	1541126502383	1541126502383	nothing
708	Lego	1541126502384	1541126502430	1541126502607	1541126502607	nothing
709	Lego	1541126502608	1541126502648	1541126502895	1541126502895	nothing
710	Lego	1541126502896	1541126502928	1541126503098	1541126503098	nothing
711	Lego	1541126503098	1541126503145	1541126503361	1541126503361	nothing
712	Lego	1541126503362	1541126503414	1541126503716	1541126503716	nothing
713	Lego	1541126503716	1541126503754	1541126504125	1541126504125	nothing
714	Lego	1541126504126	1541126504165	1541126504535	1541126504535	nothing
715	Lego	1541126504535	1541126504588	1541126504841	1541126504841	nothing
716	Lego	1541126504842	1541126504870	1541126505103	1541126505103	nothing
717	Lego	1541126505103	1541126505144	1541126505318	1541126505318	nothing
718	Lego	1541126505318	1541126505344	1541126505512	1541126505512	nothing
719	Lego	1541126505512	1541126505554	1541126505664	1541126505664	nothing
720	Lego	1541126505664	1541126505709	1541126505814	1541126505814	nothing
721	Lego	1541126505814	1541126505855	1541126505987	1541126505987	nothing
722	Lego	1541126505988	1541126506016	1541126506183	1541126506183	nothing
723	Lego	1541126506186	1541126506241	1541126506479	1541126506479	nothing
724	Lego	1541126506479	1541126506517	1541126506700	1541126506700	nothing
725	Lego	1541126506700	1541126506743	1541126507507	1541126507523	success
726	Lego	1541126507524	1541126507570	1541126508324	1541126508324	nothing
727	Lego	1541126508324	1541126508350	1541126509040	1541126509040	nothing
728	Lego	1541126509040	1541126509092	1541126509316	1541126509316	nothing
729	Lego	1541126509316	1541126509351	1541126509654	1541126509654	nothing
730	Lego	1541126509654	1541126509690	1541126509913	1541126509913	nothing
731	Lego	1541126509914	1541126509957	1541126510269	1541126510270	nothing
732	Lego	1541126510270	1541126510317	1541126510505	1541126510505	nothing
733	Lego	1541126510506	1541126510552	1541126510780	1541126510780	nothing
734	Lego	1541126510780	1541126510815	1541126511190	1541126511190	nothing
735	Lego	1541126511191	1541126511218	1541126511397	1541126511397	nothing
736	Lego	1541126511397	1541126511424	1541126511702	1541126511702	nothing
737	Lego	1541126511704	1541126511733	1541126511924	1541126511924	nothing
738	Lego	1541126511925	1541126511953	1541126512316	1541126512316	nothing
739	Lego	1541126512317	1541126512356	1541126512623	1541126512623	nothing
740	Lego	1541126512624	1541126512668	1541126512931	1541126512931	nothing
741	Lego	1541126512931	1541126512964	1541126513238	1541126513238	nothing
742	Lego	1541126513238	1541126513282	1541126513546	1541126513546	nothing
743	Lego	1541126513546	1541126513583	1541126513794	1541126513794	nothing
744	Lego	1541126513795	1541126513837	1541126514011	1541126514011	nothing
745	Lego	1541126514011	1541126514036	1541126514262	1541126514263	nothing
746	Lego	1541126514263	1541126514304	1541126514519	1541126514519	nothing
747	Lego	1541126514519	1541126514550	1541126515287	1541126515287	nothing
748	Lego	1541126515287	1541126515329	1541126516106	1541126516106	nothing
749	Lego	1541126516106	1541126516151	1541126516928	1541126516928	nothing
750	Lego	1541126516928	1541126516957	1541126517745	1541126517745	nothing
751	Lego	1541126517746	1541126517772	1541126518564	1541126518564	nothing
752	Lego	1541126518564	1541126518596	1541126519281	1541126519281	nothing
753	Lego	1541126519284	1541126519328	1541126519997	1541126519997	nothing
754	Lego	1541126519997	1541126520042	1541126520819	1541126520819	nothing
755	Lego	1541126520820	1541126520844	1541126521637	1541126521637	nothing
756	Lego	1541126521637	1541126521679	1541126522455	1541126522455	nothing
757	Lego	1541126522456	1541126522500	1541126523174	1541126523174	nothing
758	Lego	1541126523174	1541126523215	1541126523993	1541126523993	nothing
759	Lego	1541126523993	1541126524036	1541126524810	1541126524810	nothing
760	Lego	1541126524810	1541126524849	1541126525629	1541126525629	nothing
761	Lego	1541126525629	1541126525678	1541126526448	1541126526448	nothing
762	Lego	1541126526449	1541126526497	1541126527270	1541126527271	nothing
763	Lego	1541126527271	1541126527310	1541126527985	1541126527985	nothing
764	Lego	1541126527985	1541126528037	1541126528803	1541126528804	nothing
765	Lego	1541126528804	1541126528840	1541126529623	1541126529623	nothing
766	Lego	1541126529623	1541126529649	1541126530339	1541126530339	nothing
767	Lego	1541126530340	1541126530370	1541126531057	1541126531057	nothing
768	Lego	1541126531057	1541126531089	1541126531875	1541126531875	nothing
769	Lego	1541126531875	1541126531920	1541126532695	1541126532695	nothing
770	Lego	1541126532696	1541126532730	1541126533412	1541126533412	nothing
771	Lego	1541126533412	1541126533452	1541126534333	1541126534333	nothing
772	Lego	1541126534334	1541126534371	1541126535156	1541126535156	nothing
773	Lego	1541126535157	1541126535198	1541126535869	1541126535869	nothing
774	Lego	1541126535869	1541126535915	1541126536688	1541126536688	nothing
775	Lego	1541126536689	1541126536729	1541126537610	1541126537610	nothing
776	Lego	1541126537611	1541126537664	1541126538532	1541126538532	nothing
777	Lego	1541126538532	1541126538576	1541126539352	1541126539352	nothing
778	Lego	1541126539354	1541126539397	1541126540171	1541126540171	nothing
779	Lego	1541126540171	1541126540231	1541126540989	1541126540989	nothing
780	Lego	1541126540989	1541126541036	1541126541808	1541126541808	nothing
781	Lego	1541126541808	1541126541847	1541126542730	1541126542730	nothing
782	Lego	1541126542731	1541126542779	1541126543139	1541126543139	nothing
783	Lego	1541126543139	1541126543192	1541126543419	1541126543419	nothing
784	Lego	1541126543419	1541126543469	1541126543755	1541126543756	nothing
785	Lego	1541126543757	1541126543802	1541126544018	1541126544018	nothing
786	Lego	1541126544018	1541126544068	1541126544367	1541126544367	nothing
787	Lego	1541126544368	1541126544406	1541126544615	1541126544615	nothing
788	Lego	1541126544615	1541126544646	1541126544982	1541126544982	nothing
789	Lego	1541126544982	1541126545030	1541126545216	1541126545216	nothing
790	Lego	1541126545217	1541126545267	1541126545597	1541126545597	nothing
791	Lego	1541126545597	1541126545644	1541126545839	1541126545839	nothing
792	Lego	1541126545840	1541126545879	1541126546314	1541126546314	nothing
793	Lego	1541126546314	1541126546350	1541126546725	1541126546725	nothing
794	Lego	1541126546725	1541126546761	1541126547133	1541126547133	nothing
795	Lego	1541126547133	1541126547167	1541126547439	1541126547440	nothing
796	Lego	1541126547440	1541126547485	1541126547747	1541126547747	nothing
797	Lego	1541126547747	1541126547798	1541126548003	1541126548003	nothing
798	Lego	1541126548003	1541126548027	1541126548258	1541126548258	nothing
799	Lego	1541126548259	1541126548302	1541126548517	1541126548517	nothing
800	Lego	1541126548517	1541126548556	1541126548874	1541126548874	nothing
801	Lego	1541126548874	1541126548914	1541126549132	1541126549132	nothing
802	Lego	1541126549132	1541126549164	1541126549488	1541126549488	nothing
803	Lego	1541126549489	1541126549535	1541126549733	1541126549733	nothing
804	Lego	1541126549733	1541126549756	1541126549938	1541126549938	nothing
805	Lego	1541126549939	1541126549980	1541126550308	1541126550308	nothing
806	Lego	1541126550308	1541126550338	1541126550536	1541126550536	nothing
807	Lego	1541126550537	1541126550561	1541126550819	1541126550819	nothing
808	Lego	1541126550820	1541126550855	1541126551233	1541126551233	nothing
809	Lego	1541126551235	1541126551282	1541126551638	1541126551638	nothing
810	Lego	1541126551639	1541126551682	1541126552050	1541126552050	nothing
811	Lego	1541126552050	1541126552090	1541126552354	1541126552355	nothing
812	Lego	1541126552355	1541126552387	1541126552662	1541126552662	nothing
813	Lego	1541126552662	1541126552719	1541126552932	1541126552932	nothing
814	Lego	1541126552932	1541126552958	1541126553278	1541126553278	nothing
815	Lego	1541126553278	1541126553322	1541126553540	1541126553540	nothing
816	Lego	1541126553541	1541126553576	1541126553892	1541126553892	nothing
817	Lego	1541126553892	1541126553936	1541126554138	1541126554138	nothing
818	Lego	1541126554138	1541126554190	1541126554508	1541126554508	nothing
819	Lego	1541126554509	1541126554543	1541126554715	1541126554715	nothing
820	Lego	1541126554715	1541126554751	1541126554931	1541126554931	nothing
821	Lego	1541126554932	1541126554983	1541126555326	1541126555326	nothing
822	Lego	1541126555326	1541126555368	1541126555586	1541126555586	nothing
823	Lego	1541126555586	1541126555614	1541126555828	1541126555828	nothing
824	Lego	1541126555829	1541126555863	1541126556146	1541126556146	nothing
825	Lego	1541126556146	1541126556175	1541126556452	1541126556452	nothing
826	Lego	1541126556453	1541126556501	1541126556698	1541126556698	nothing
827	Lego	1541126556699	1541126556745	1541126556892	1541126556892	nothing
828	Lego	1541126556892	1541126556943	1541126557056	1541126557056	nothing
829	Lego	1541126557056	1541126557094	1541126557272	1541126557272	nothing
830	Lego	1541126557273	1541126557327	1541126557496	1541126557496	nothing
831	Lego	1541126557497	1541126557535	1541126557723	1541126557724	nothing
832	Lego	1541126557724	1541126557763	1541126558090	1541126558090	nothing
833	Lego	1541126558090	1541126558137	1541126558500	1541126558500	nothing
834	Lego	1541126558500	1541126558545	1541126558711	1541126558711	nothing
835	Lego	1541126558711	1541126558761	1541126558941	1541126558941	nothing
836	Lego	1541126558941	1541126558985	1541126559735	1541126559743	success
837	Lego	1541126559743	1541126559792	1541126560549	1541126560549	nothing
838	Lego	1541126560550	1541126560590	1541126562190	1541126562190	nothing
839	Lego	1541126562191	1541126562240	1541126563006	1541126563006	nothing
840	Lego	1541126563006	1541126563052	1541126563927	1541126563927	nothing
841	Lego	1541126563928	1541126563969	1541126564746	1541126564746	nothing
842	Lego	1541126564746	1541126564773	1541126565668	1541126565668	nothing
843	Lego	1541126565668	1541126565719	1541126566487	1541126566487	nothing
844	Lego	1541126566487	1541126566518	1541126567205	1541126567205	nothing
845	Lego	1541126567205	1541126567249	1541126568125	1541126568125	nothing
846	Lego	1541126568125	1541126568166	1541126569047	1541126569047	nothing
847	Lego	1541126569047	1541126569082	1541126569867	1541126569867	nothing
848	Lego	1541126569868	1541126569903	1541126570685	1541126570685	nothing
849	Lego	1541126570686	1541126570737	1541126571504	1541126571504	nothing
850	Lego	1541126571504	1541126571552	1541126572323	1541126572323	nothing
851	Lego	1541126572324	1541126572364	1541126573348	1541126573348	nothing
852	Lego	1541126573348	1541126573384	1541126574275	1541126574275	nothing
853	Lego	1541126574275	1541126574308	1541126575090	1541126575090	nothing
854	Lego	1541126575090	1541126575134	1541126576010	1541126576010	nothing
855	Lego	1541126576011	1541126576056	1541126576829	1541126576829	nothing
856	Lego	1541126576830	1541126576872	1541126577751	1541126577751	nothing
857	Lego	1541126577751	1541126577797	1541126578471	1541126578471	nothing
858	Lego	1541126578471	1541126578519	1541126579389	1541126579389	nothing
859	Lego	1541126579390	1541126579415	1541126580106	1541126580106	nothing
860	Lego	1541126580107	1541126580148	1541126580925	1541126580925	nothing
861	Lego	1541126580925	1541126580969	1541126581744	1541126581744	nothing
862	Lego	1541126581745	1541126581791	1541126582565	1541126582565	nothing
863	Lego	1541126582565	1541126582600	1541126583178	1541126583178	nothing
864	Lego	1541126583179	1541126583232	1541126583997	1541126583997	nothing
865	Lego	1541126583997	1541126584039	1541126584714	1541126584714	nothing
866	Lego	1541126584714	1541126584741	1541126585533	1541126585533	nothing
867	Lego	1541126585534	1541126585563	1541126586456	1541126586456	nothing
868	Lego	1541126586457	1541126586480	1541126587274	1541126587274	nothing
869	Lego	1541126587274	1541126587308	1541126588094	1541126588094	nothing
870	Lego	1541126588095	1541126588139	1541126588912	1541126588912	nothing
871	Lego	1541126588913	1541126588948	1541126589630	1541126589630	nothing
872	Lego	1541126589631	1541126589655	1541126590450	1541126590450	nothing
873	Lego	1541126590450	1541126590505	1541126591268	1541126591268	nothing
874	Lego	1541126591269	1541126591311	1541126592087	1541126592087	nothing
875	Lego	1541126592087	1541126592143	1541126593008	1541126593008	nothing
876	Lego	1541126593009	1541126593057	1541126593930	1541126593930	nothing
877	Lego	1541126593930	1541126593976	1541126594749	1541126594749	nothing
878	Lego	1541126594750	1541126594797	1541126595568	1541126595569	nothing
879	Lego	1541126595569	1541126595613	1541126596387	1541126596387	nothing
880	Lego	1541126596388	1541126596427	1541126597207	1541126597207	nothing
881	Lego	1541126597208	1541126597249	1541126601921	1541126601921	nothing
882	Lego	1541126601921	1541126601960	1541126602839	1541126602839	nothing
883	Lego	1541126602839	1541126602890	1541126603760	1541126603760	nothing
884	Lego	1541126603761	1541126603784	1541126604584	1541126604584	nothing
885	Lego	1541126604584	1541126604628	1541126605399	1541126605399	nothing
886	Lego	1541126605399	1541126605434	1541126606218	1541126606218	nothing
887	Lego	1541126606219	1541126606264	1541126607037	1541126607037	nothing
888	Lego	1541126607038	1541126607076	1541126607861	1541126607861	nothing
889	Lego	1541126607862	1541126607906	1541126608675	1541126608675	nothing
890	Lego	1541126608676	1541126608710	1541126609495	1541126609495	nothing
891	Lego	1541126609496	1541126609548	1541126610354	1541126610354	nothing
892	Lego	1541126610355	1541126610395	1541126611138	1541126611138	nothing
893	Lego	1541126611139	1541126611182	1541126611952	1541126611952	nothing
894	Lego	1541126611952	1541126611992	1541126612772	1541126612772	nothing
895	Lego	1541126612772	1541126612813	1541126613488	1541126613488	nothing
896	Lego	1541126613489	1541126613543	1541126614413	1541126614413	nothing
897	Lego	1541126614414	1541126614448	1541126615230	1541126615230	nothing
898	Lego	1541126615231	1541126615287	1541126616049	1541126616049	nothing
899	Lego	1541126616049	1541126616096	1541126616867	1541126616867	nothing
900	Lego	1541126616868	1541126616899	1541126617584	1541126617584	nothing
901	Lego	1541126617584	1541126617620	1541126618405	1541126618405	nothing
902	Lego	1541126618406	1541126618454	1541126619224	1541126619224	nothing
903	Lego	1541126619225	1541126619267	1541126620045	1541126620045	nothing
904	Lego	1541126620046	1541126620085	1541126620861	1541126620861	nothing
905	Lego	1541126620862	1541126620919	1541126621580	1541126621581	nothing
