FrameID	EngineID	StartTime	CompressedTime	RecvTime	DoneTime	Status
1	Lego	1541131479030	1541131479060	1541131479096	1541131479106	success
2	Lego	1541131479330	1541131479370	1541131479419	1541131479419	nothing
3	Lego	1541131479420	1541131479465	1541131479553	1541131479553	nothing
4	Lego	1541131479553	1541131479603	1541131479735	1541131479736	nothing
5	Lego	1541131479736	1541131479780	1541131479823	1541131479823	nothing
6	Lego	1541131479824	1541131479850	1541131479884	1541131479884	nothing
7	Lego	1541131479884	1541131479906	1541131479945	1541131479945	nothing
8	Lego	1541131479946	1541131479968	1541131480014	1541131480017	nothing
9	Lego	1541131480017	1541131480052	1541131480093	1541131480093	nothing
10	Lego	1541131480093	1541131480132	1541131480183	1541131480183	nothing
11	Lego	1541131480184	1541131480232	1541131480313	1541131480316	nothing
12	Lego	1541131480317	1541131480349	1541131480472	1541131480472	nothing
13	Lego	1541131480472	1541131480510	1541131480688	1541131480688	nothing
14	Lego	1541131480688	1541131480726	1541131481000	1541131481000	nothing
15	Lego	1541131481000	1541131481027	1541131481286	1541131481286	nothing
16	Lego	1541131481287	1541131481330	1541131481544	1541131481544	nothing
17	Lego	1541131481544	1541131481569	1541131481730	1541131481730	nothing
18	Lego	1541131481730	1541131481759	1541131481871	1541131481871	nothing
19	Lego	1541131481871	1541131481898	1541131481972	1541131481972	nothing
20	Lego	1541131481972	1541131482007	1541131482080	1541131482080	nothing
21	Lego	1541131482081	1541131482106	1541131482222	1541131482222	nothing
22	Lego	1541131482222	1541131482252	1541131482392	1541131482392	nothing
23	Lego	1541131482392	1541131482421	1541131482566	1541131482566	nothing
24	Lego	1541131482566	1541131482596	1541131482731	1541131482731	nothing
25	Lego	1541131482732	1541131482763	1541131482880	1541131482880	nothing
26	Lego	1541131482882	1541131482912	1541131483009	1541131483009	nothing
27	Lego	1541131483009	1541131483055	1541131483180	1541131483180	nothing
28	Lego	1541131483181	1541131483213	1541131483303	1541131483303	nothing
29	Lego	1541131483304	1541131483349	1541131483446	1541131483447	nothing
30	Lego	1541131483447	1541131483479	1541131483633	1541131483633	nothing
31	Lego	1541131483634	1541131483673	1541131483870	1541131483870	nothing
32	Lego	1541131483871	1541131483908	1541131484057	1541131484057	nothing
33	Lego	1541131484058	1541131484094	1541131484272	1541131484272	nothing
34	Lego	1541131484273	1541131484342	1541131484583	1541131484583	nothing
35	Lego	1541131484584	1541131484631	1541131484800	1541131484800	nothing
36	Lego	1541131484800	1541131484845	1541131485061	1541131485061	nothing
37	Lego	1541131485061	1541131485101	1541131485290	1541131485290	nothing
38	Lego	1541131485290	1541131485334	1541131485607	1541131485607	nothing
39	Lego	1541131485607	1541131485634	1541131485861	1541131485862	nothing
40	Lego	1541131485862	1541131485909	1541131486138	1541131486138	nothing
41	Lego	1541131486138	1541131486166	1541131486366	1541131486366	nothing
42	Lego	1541131486366	1541131486409	1541131486647	1541131486647	nothing
43	Lego	1541131486648	1541131486679	1541131486887	1541131486887	nothing
44	Lego	1541131486888	1541131486932	1541131487246	1541131487246	nothing
45	Lego	1541131487247	1541131487279	1541131487553	1541131487553	nothing
46	Lego	1541131487553	1541131487594	1541131487861	1541131487861	nothing
47	Lego	1541131487862	1541131487900	1541131488089	1541131488089	nothing
48	Lego	1541131488090	1541131488135	1541131488365	1541131488365	nothing
49	Lego	1541131488366	1541131488397	1541131488680	1541131488680	nothing
50	Lego	1541131488680	1541131488723	1541131488976	1541131488976	nothing
51	Lego	1541131488977	1541131489037	1541131489396	1541131489396	nothing
52	Lego	1541131489398	1541131489439	1541131489703	1541131489703	nothing
53	Lego	1541131489703	1541131489735	1541131490012	1541131490012	nothing
54	Lego	1541131490013	1541131490053	1541131490420	1541131490420	nothing
55	Lego	1541131490420	1541131490445	1541131490727	1541131490727	nothing
56	Lego	1541131490727	1541131490756	1541131490973	1541131490973	nothing
57	Lego	1541131490974	1541131491019	1541131491235	1541131491235	nothing
58	Lego	1541131491236	1541131491277	1541131491546	1541131491546	nothing
59	Lego	1541131491546	1541131491587	1541131491821	1541131491821	nothing
60	Lego	1541131491822	1541131491862	1541131492162	1541131492162	nothing
61	Lego	1541131492162	1541131492203	1541131492441	1541131492441	nothing
62	Lego	1541131492442	1541131492485	1541131492750	1541131492750	nothing
63	Lego	1541131492751	1541131492793	1541131493010	1541131493010	nothing
64	Lego	1541131493011	1541131493052	1541131493392	1541131493392	nothing
65	Lego	1541131493392	1541131493424	1541131493697	1541131493697	nothing
66	Lego	1541131493697	1541131493751	1541131493984	1541131493984	nothing
67	Lego	1541131493985	1541131494040	1541131494246	1541131494246	nothing
68	Lego	1541131494246	1541131494303	1541131494504	1541131494504	nothing
69	Lego	1541131494504	1541131494543	1541131494823	1541131494823	nothing
70	Lego	1541131494823	1541131494866	1541131495234	1541131495234	nothing
71	Lego	1541131495236	1541131495278	1541131495540	1541131495540	nothing
72	Lego	1541131495540	1541131495586	1541131496226	1541131496242	success
73	Lego	1541131496243	1541131496287	1541131496975	1541131496975	nothing
74	Lego	1541131496975	1541131497025	1541131497691	1541131497691	nothing
75	Lego	1541131497691	1541131497731	1541131498408	1541131498409	nothing
76	Lego	1541131498409	1541131498455	1541131499078	1541131499078	nothing
77	Lego	1541131499079	1541131499115	1541131499739	1541131499739	nothing
78	Lego	1541131499739	1541131499772	1541131500353	1541131500353	nothing
79	Lego	1541131500353	1541131500382	1541131501070	1541131501070	nothing
80	Lego	1541131501070	1541131501101	1541131501787	1541131501787	nothing
81	Lego	1541131501787	1541131501809	1541131502504	1541131502504	nothing
82	Lego	1541131502504	1541131502546	1541131503221	1541131503221	nothing
83	Lego	1541131503221	1541131503254	1541131503937	1541131503937	nothing
84	Lego	1541131503938	1541131503964	1541131504655	1541131504655	nothing
85	Lego	1541131504656	1541131504698	1541131505373	1541131505373	nothing
86	Lego	1541131505374	1541131505423	1541131506093	1541131506093	nothing
87	Lego	1541131506093	1541131506133	1541131506805	1541131506805	nothing
88	Lego	1541131506805	1541131506842	1541131507524	1541131507524	nothing
89	Lego	1541131507524	1541131507568	1541131508239	1541131508239	nothing
90	Lego	1541131508239	1541131508278	1541131508957	1541131508957	nothing
91	Lego	1541131508957	1541131509011	1541131509672	1541131509672	nothing
92	Lego	1541131509672	1541131509715	1541131510389	1541131510389	nothing
93	Lego	1541131510389	1541131510435	1541131511106	1541131511106	nothing
94	Lego	1541131511106	1541131511150	1541131511822	1541131511822	nothing
95	Lego	1541131511822	1541131511855	1541131512539	1541131512539	nothing
96	Lego	1541131512539	1541131512584	1541131513256	1541131513256	nothing
97	Lego	1541131513256	1541131513304	1541131513871	1541131513871	nothing
98	Lego	1541131513871	1541131513913	1541131514485	1541131514485	nothing
99	Lego	1541131514485	1541131514539	1541131515101	1541131515101	nothing
100	Lego	1541131515101	1541131515151	1541131515612	1541131515612	nothing
101	Lego	1541131515612	1541131515653	1541131516225	1541131516225	nothing
102	Lego	1541131516226	1541131516277	1541131516840	1541131516840	nothing
103	Lego	1541131516841	1541131516882	1541131517454	1541131517454	nothing
104	Lego	1541131517454	1541131517488	1541131518071	1541131518072	nothing
105	Lego	1541131518072	1541131518099	1541131518683	1541131518683	nothing
106	Lego	1541131518683	1541131518707	1541131519298	1541131519298	nothing
107	Lego	1541131519298	1541131519330	1541131519436	1541131519436	nothing
108	Lego	1541131519437	1541131519484	1541131520015	1541131520015	nothing
109	Lego	1541131520015	1541131520060	1541131520628	1541131520628	nothing
110	Lego	1541131520629	1541131520659	1541131521244	1541131521244	nothing
111	Lego	1541131521244	1541131521302	1541131521858	1541131521858	nothing
112	Lego	1541131521859	1541131521893	1541131522472	1541131522472	nothing
113	Lego	1541131522472	1541131522510	1541131523086	1541131523086	nothing
114	Lego	1541131523087	1541131523136	1541131523701	1541131523701	nothing
115	Lego	1541131523701	1541131523738	1541131524201	1541131524201	nothing
116	Lego	1541131524202	1541131524233	1541131524827	1541131524827	nothing
117	Lego	1541131524827	1541131524875	1541131524978	1541131524979	nothing
118	Lego	1541131524979	1541131525024	1541131525127	1541131525127	nothing
119	Lego	1541131525127	1541131525159	1541131525260	1541131525260	nothing
120	Lego	1541131525260	1541131525297	1541131525393	1541131525393	nothing
121	Lego	1541131525393	1541131525417	1541131525953	1541131525953	nothing
122	Lego	1541131525954	1541131525977	1541131526670	1541131526670	nothing
123	Lego	1541131526670	1541131526709	1541131527490	1541131527490	nothing
124	Lego	1541131527491	1541131527514	1541131528309	1541131528309	nothing
125	Lego	1541131528309	1541131528350	1541131529026	1541131529026	nothing
126	Lego	1541131529026	1541131529069	1541131529538	1541131529538	nothing
127	Lego	1541131529539	1541131529580	1541131530050	1541131530050	nothing
128	Lego	1541131530050	1541131530097	1541131530562	1541131530562	nothing
129	Lego	1541131530562	1541131530600	1541131531176	1541131531176	nothing
130	Lego	1541131531176	1541131531217	1541131531790	1541131531790	nothing
131	Lego	1541131531791	1541131531834	1541131532405	1541131532405	nothing
132	Lego	1541131532406	1541131532452	1541131533019	1541131533019	nothing
133	Lego	1541131533020	1541131533078	1541131533205	1541131533205	nothing
134	Lego	1541131533205	1541131533231	1541131533739	1541131533739	nothing
135	Lego	1541131533739	1541131533782	1541131534321	1541131534321	nothing
136	Lego	1541131534321	1541131534364	1541131534967	1541131534967	nothing
137	Lego	1541131534967	1541131534990	1541131535579	1541131535579	nothing
138	Lego	1541131535580	1541131535624	1541131535814	1541131535814	nothing
139	Lego	1541131535814	1541131535857	1541131536090	1541131536090	nothing
140	Lego	1541131536090	1541131536125	1541131536283	1541131536283	nothing
141	Lego	1541131536284	1541131536311	1541131536421	1541131536421	nothing
142	Lego	1541131536421	1541131536449	1541131536589	1541131536589	nothing
143	Lego	1541131536589	1541131536623	1541131536769	1541131536769	nothing
144	Lego	1541131536769	1541131536796	1541131536947	1541131536947	nothing
145	Lego	1541131536948	1541131536979	1541131537126	1541131537126	nothing
146	Lego	1541131537126	1541131537163	1541131537311	1541131537311	nothing
147	Lego	1541131537312	1541131537354	1541131537517	1541131537517	nothing
148	Lego	1541131537517	1541131537561	1541131537728	1541131537728	nothing
149	Lego	1541131537729	1541131537759	1541131537905	1541131537905	nothing
150	Lego	1541131537905	1541131537928	1541131538099	1541131538099	nothing
151	Lego	1541131538099	1541131538124	1541131538277	1541131538278	nothing
152	Lego	1541131538278	1541131538318	1541131538476	1541131538476	nothing
153	Lego	1541131538477	1541131538503	1541131538655	1541131538655	nothing
154	Lego	1541131538655	1541131538689	1541131538851	1541131538851	nothing
155	Lego	1541131538851	1541131538890	1541131539060	1541131539060	nothing
156	Lego	1541131539060	1541131539114	1541131539276	1541131539276	nothing
157	Lego	1541131539276	1541131539317	1541131539487	1541131539487	nothing
158	Lego	1541131539488	1541131539534	1541131539702	1541131539702	nothing
159	Lego	1541131539702	1541131539746	1541131539920	1541131539920	nothing
160	Lego	1541131539921	1541131539966	1541131540165	1541131540165	nothing
161	Lego	1541131540165	1541131540215	1541131540493	1541131540493	nothing
162	Lego	1541131540494	1541131540520	1541131540712	1541131540712	nothing
163	Lego	1541131540713	1541131540735	1541131541005	1541131541005	nothing
164	Lego	1541131541007	1541131541061	1541131541280	1541131541280	nothing
165	Lego	1541131541281	1541131541331	1541131541620	1541131541620	nothing
166	Lego	1541131541620	1541131541658	1541131541828	1541131541828	nothing
167	Lego	1541131541828	1541131541879	1541131542084	1541131542084	nothing
168	Lego	1541131542084	1541131542128	1541131542439	1541131542439	nothing
169	Lego	1541131542439	1541131542483	1541131542671	1541131542671	nothing
170	Lego	1541131542672	1541131542723	1541131542951	1541131542951	nothing
171	Lego	1541131542951	1541131542987	1541131543202	1541131543203	nothing
172	Lego	1541131543203	1541131543240	1541131543463	1541131543463	nothing
173	Lego	1541131543463	1541131543495	1541131543698	1541131543698	nothing
174	Lego	1541131543698	1541131543742	1541131543975	1541131543975	nothing
175	Lego	1541131543976	1541131544002	1541131544202	1541131544202	nothing
176	Lego	1541131544203	1541131544256	1541131544466	1541131544466	nothing
177	Lego	1541131544466	1541131544493	1541131544700	1541131544700	nothing
178	Lego	1541131544701	1541131544732	1541131544923	1541131544923	nothing
179	Lego	1541131544923	1541131544966	1541131545161	1541131545161	nothing
180	Lego	1541131545161	1541131545193	1541131545409	1541131545409	nothing
181	Lego	1541131545409	1541131545450	1541131545651	1541131545651	nothing
182	Lego	1541131545651	1541131545692	1541131545921	1541131545921	nothing
183	Lego	1541131545921	1541131545958	1541131546162	1541131546162	nothing
184	Lego	1541131546163	1541131546204	1541131546434	1541131546434	nothing
185	Lego	1541131546434	1541131546475	1541131546670	1541131546670	nothing
186	Lego	1541131546671	1541131546712	1541131546946	1541131546946	nothing
187	Lego	1541131546946	1541131546998	1541131547177	1541131547177	nothing
188	Lego	1541131547177	1541131547206	1541131547456	1541131547456	nothing
189	Lego	1541131547457	1541131547499	1541131547665	1541131547665	nothing
190	Lego	1541131547666	1541131547708	1541131547974	1541131547974	nothing
191	Lego	1541131547975	1541131548013	1541131548193	1541131548193	nothing
192	Lego	1541131548194	1541131548232	1541131548480	1541131548480	nothing
193	Lego	1541131548481	1541131548517	1541131548696	1541131548696	nothing
194	Lego	1541131548696	1541131548731	1541131548993	1541131548993	nothing
195	Lego	1541131548993	1541131549033	1541131549213	1541131549213	nothing
196	Lego	1541131549213	1541131549264	1541131549505	1541131549505	nothing
197	Lego	1541131549506	1541131549552	1541131549732	1541131549732	nothing
198	Lego	1541131549732	1541131549785	1541131550016	1541131550016	nothing
199	Lego	1541131550017	1541131550063	1541131550228	1541131550228	nothing
200	Lego	1541131550228	1541131550273	1541131550529	1541131550529	nothing
201	Lego	1541131550529	1541131550579	1541131550747	1541131550747	nothing
202	Lego	1541131550748	1541131550785	1541131551042	1541131551042	nothing
203	Lego	1541131551043	1541131551084	1541131551245	1541131551245	nothing
204	Lego	1541131551245	1541131551276	1541131551554	1541131551554	nothing
205	Lego	1541131551555	1541131551605	1541131551767	1541131551768	nothing
206	Lego	1541131551770	1541131551801	1541131551971	1541131551971	nothing
207	Lego	1541131551972	1541131552001	1541131552128	1541131552128	nothing
208	Lego	1541131552129	1541131552176	1541131552312	1541131552312	nothing
209	Lego	1541131552313	1541131552356	1541131552498	1541131552498	nothing
210	Lego	1541131552499	1541131552546	1541131552782	1541131552782	nothing
211	Lego	1541131552783	1541131552824	1541131552990	1541131552990	nothing
212	Lego	1541131552990	1541131553064	1541131553259	1541131553259	nothing
213	Lego	1541131553260	1541131553285	1541131553481	1541131553481	nothing
214	Lego	1541131553481	1541131553523	1541131553726	1541131553726	nothing
215	Lego	1541131553726	1541131553781	1541131554113	1541131554114	nothing
216	Lego	1541131554114	1541131554155	1541131554838	1541131554853	success
217	Lego	1541131554853	1541131554912	1541131555547	1541131555547	nothing
218	Lego	1541131555547	1541131555586	1541131556980	1541131556981	nothing
219	Lego	1541131556981	1541131557014	1541131557697	1541131557697	nothing
220	Lego	1541131557697	1541131557727	1541131558414	1541131558414	nothing
221	Lego	1541131558415	1541131558451	1541131559131	1541131559131	nothing
222	Lego	1541131559131	1541131559186	1541131559850	1541131559850	nothing
223	Lego	1541131559850	1541131559889	1541131560565	1541131560565	nothing
224	Lego	1541131560565	1541131560615	1541131561281	1541131561282	nothing
225	Lego	1541131561282	1541131561334	1541131561998	1541131561998	nothing
226	Lego	1541131561999	1541131562030	1541131562716	1541131562716	nothing
227	Lego	1541131562716	1541131562752	1541131563330	1541131563330	nothing
228	Lego	1541131563331	1541131563381	1541131564049	1541131564049	nothing
229	Lego	1541131564050	1541131564088	1541131564661	1541131564661	nothing
230	Lego	1541131564661	1541131564705	1541131565275	1541131565275	nothing
231	Lego	1541131565276	1541131565310	1541131565992	1541131565992	nothing
232	Lego	1541131565992	1541131566019	1541131566607	1541131566607	nothing
233	Lego	1541131566607	1541131566653	1541131567119	1541131567119	nothing
234	Lego	1541131567119	1541131567162	1541131567630	1541131567630	nothing
235	Lego	1541131567630	1541131567658	1541131568142	1541131568142	nothing
236	Lego	1541131568143	1541131568183	1541131568334	1541131568334	nothing
237	Lego	1541131568334	1541131568376	1541131568516	1541131568516	nothing
238	Lego	1541131568517	1541131568560	1541131568729	1541131568729	nothing
239	Lego	1541131568730	1541131568771	1541131569063	1541131569063	nothing
240	Lego	1541131569064	1541131569103	1541131569287	1541131569287	nothing
241	Lego	1541131569287	1541131569324	1541131569575	1541131569575	nothing
242	Lego	1541131569576	1541131569627	1541131570293	1541131570293	nothing
243	Lego	1541131570294	1541131570340	1541131571010	1541131571010	nothing
244	Lego	1541131571010	1541131571043	1541131571626	1541131571626	nothing
245	Lego	1541131571626	1541131571672	1541131572238	1541131572239	nothing
246	Lego	1541131572239	1541131572269	1541131572750	1541131572750	nothing
247	Lego	1541131572751	1541131572800	1541131573467	1541131573467	nothing
248	Lego	1541131573467	1541131573495	1541131573961	1541131573961	nothing
249	Lego	1541131573962	1541131573987	1541131574491	1541131574491	nothing
250	Lego	1541131574492	1541131574528	1541131575208	1541131575208	nothing
251	Lego	1541131575211	1541131575244	1541131575925	1541131575925	nothing
252	Lego	1541131575925	1541131575955	1541131576642	1541131576642	nothing
253	Lego	1541131576643	1541131576686	1541131577358	1541131577358	nothing
254	Lego	1541131577359	1541131577401	1541131578076	1541131578076	nothing
255	Lego	1541131578076	1541131578114	1541131578792	1541131578792	nothing
256	Lego	1541131578792	1541131578842	1541131579509	1541131579509	nothing
257	Lego	1541131579509	1541131579566	1541131580226	1541131580226	nothing
258	Lego	1541131580226	1541131580250	1541131580943	1541131580943	nothing
259	Lego	1541131580943	1541131580988	1541131581659	1541131581659	nothing
260	Lego	1541131581659	1541131581706	1541131582377	1541131582378	nothing
261	Lego	1541131582378	1541131582414	1541131583096	1541131583096	nothing
262	Lego	1541131583096	1541131583134	1541131583810	1541131583810	nothing
263	Lego	1541131583811	1541131583841	1541131584629	1541131584629	nothing
264	Lego	1541131584629	1541131584668	1541131585246	1541131585246	nothing
265	Lego	1541131585247	1541131585294	1541131585755	1541131585755	nothing
266	Lego	1541131585756	1541131585786	1541131586270	1541131586270	nothing
267	Lego	1541131586270	1541131586323	1541131586779	1541131586779	nothing
268	Lego	1541131586779	1541131586825	1541131587293	1541131587293	nothing
269	Lego	1541131587294	1541131587327	1541131587449	1541131587449	nothing
270	Lego	1541131587450	1541131587474	1541131587621	1541131587621	nothing
271	Lego	1541131587622	1541131587672	1541131587825	1541131587825	nothing
272	Lego	1541131587825	1541131587866	1541131588050	1541131588050	nothing
273	Lego	1541131588050	1541131588099	1541131588231	1541131588231	nothing
274	Lego	1541131588231	1541131588256	1541131588424	1541131588424	nothing
275	Lego	1541131588424	1541131588454	1541131588724	1541131588724	nothing
276	Lego	1541131588724	1541131588770	1541131588986	1541131588987	nothing
277	Lego	1541131588988	1541131589021	1541131589224	1541131589224	nothing
278	Lego	1541131589224	1541131589260	1541131589543	1541131589543	nothing
279	Lego	1541131589543	1541131589596	1541131589798	1541131589798	nothing
280	Lego	1541131589799	1541131589845	1541131590056	1541131590056	nothing
281	Lego	1541131590057	1541131590103	1541131590292	1541131590292	nothing
282	Lego	1541131590293	1541131590341	1541131590569	1541131590569	nothing
283	Lego	1541131590569	1541131590613	1541131590837	1541131590837	nothing
284	Lego	1541131590838	1541131590884	1541131591108	1541131591108	nothing
285	Lego	1541131591108	1541131591144	1541131591357	1541131591357	nothing
286	Lego	1541131591358	1541131591409	1541131591637	1541131591637	nothing
287	Lego	1541131591637	1541131591666	1541131592005	1541131592005	nothing
288	Lego	1541131592005	1541131592042	1541131592308	1541131592308	nothing
289	Lego	1541131592309	1541131592362	1541131592583	1541131592583	nothing
290	Lego	1541131592583	1541131592615	1541131592922	1541131592922	nothing
291	Lego	1541131592923	1541131592970	1541131593232	1541131593232	nothing
292	Lego	1541131593232	1541131593268	1541131593537	1541131593537	nothing
293	Lego	1541131593537	1541131593578	1541131593803	1541131593803	nothing
294	Lego	1541131593803	1541131593840	1541131594152	1541131594152	nothing
295	Lego	1541131594152	1541131594200	1541131594418	1541131594418	nothing
296	Lego	1541131594418	1541131594457	1541131594767	1541131594767	nothing
297	Lego	1541131594767	1541131594805	1541131595030	1541131595030	nothing
298	Lego	1541131595030	1541131595055	1541131595380	1541131595380	nothing
299	Lego	1541131595381	1541131595414	1541131595611	1541131595611	nothing
300	Lego	1541131595611	1541131595654	1541131595892	1541131595892	nothing
301	Lego	1541131595892	1541131595923	1541131596127	1541131596127	nothing
302	Lego	1541131596127	1541131596169	1541131596404	1541131596404	nothing
303	Lego	1541131596404	1541131596449	1541131596650	1541131596650	nothing
304	Lego	1541131596650	1541131596690	1541131596916	1541131596916	nothing
305	Lego	1541131596916	1541131596956	1541131597159	1541131597159	nothing
306	Lego	1541131597159	1541131597204	1541131597532	1541131597532	nothing
307	Lego	1541131597532	1541131597555	1541131597941	1541131597941	nothing
308	Lego	1541131597941	1541131597978	1541131598248	1541131598248	nothing
309	Lego	1541131598248	1541131598280	1541131598554	1541131598554	nothing
310	Lego	1541131598554	1541131598590	1541131598790	1541131598790	nothing
311	Lego	1541131598790	1541131598823	1541131599069	1541131599069	nothing
312	Lego	1541131599069	1541131599116	1541131599324	1541131599324	nothing
313	Lego	1541131599324	1541131599367	1541131599684	1541131599684	nothing
314	Lego	1541131599684	1541131599723	1541131599936	1541131599936	nothing
315	Lego	1541131599937	1541131599976	1541131600182	1541131600182	nothing
316	Lego	1541131600183	1541131600226	1541131600603	1541131600603	nothing
317	Lego	1541131600607	1541131600647	1541131601012	1541131601012	nothing
318	Lego	1541131601012	1541131601045	1541131601259	1541131601259	nothing
319	Lego	1541131601259	1541131601311	1541131601626	1541131601626	nothing
320	Lego	1541131601627	1541131601685	1541131601902	1541131601902	nothing
321	Lego	1541131601903	1541131601944	1541131602203	1541131602203	nothing
322	Lego	1541131602204	1541131602246	1541131602516	1541131602516	nothing
323	Lego	1541131602516	1541131602556	1541131602858	1541131602858	nothing
324	Lego	1541131602859	1541131602901	1541131603097	1541131603097	nothing
325	Lego	1541131603097	1541131603137	1541131603475	1541131603475	nothing
326	Lego	1541131603477	1541131603516	1541131603722	1541131603722	nothing
327	Lego	1541131603723	1541131603764	1541131603981	1541131603981	nothing
328	Lego	1541131603982	1541131604026	1541131604228	1541131604228	nothing
329	Lego	1541131604228	1541131604265	1541131604493	1541131604493	nothing
330	Lego	1541131604494	1541131604551	1541131604757	1541131604757	nothing
331	Lego	1541131604757	1541131604816	1541131605116	1541131605116	nothing
332	Lego	1541131605117	1541131605163	1541131605363	1541131605363	nothing
333	Lego	1541131605363	1541131605411	1541131605726	1541131605726	nothing
334	Lego	1541131605726	1541131605763	1541131605950	1541131605950	nothing
335	Lego	1541131605950	1541131605992	1541131606193	1541131606193	nothing
336	Lego	1541131606193	1541131606237	1541131606541	1541131606541	nothing
337	Lego	1541131606541	1541131606570	1541131606778	1541131606778	nothing
338	Lego	1541131606778	1541131606812	1541131607053	1541131607054	nothing
339	Lego	1541131607054	1541131607099	1541131607318	1541131607318	nothing
340	Lego	1541131607319	1541131607374	1541131607671	1541131607671	nothing
341	Lego	1541131607671	1541131607708	1541131607924	1541131607924	nothing
342	Lego	1541131607925	1541131607956	1541131608175	1541131608175	nothing
343	Lego	1541131608176	1541131608229	1541131608432	1541131608432	nothing
344	Lego	1541131608433	1541131608466	1541131608794	1541131608794	nothing
345	Lego	1541131608794	1541131608825	1541131609037	1541131609037	nothing
346	Lego	1541131609037	1541131609080	1541131609291	1541131609291	nothing
347	Lego	1541131609291	1541131609352	1541131609614	1541131609614	nothing
348	Lego	1541131609614	1541131609654	1541131609804	1541131609804	nothing
349	Lego	1541131609804	1541131609839	1541131610023	1541131610023	nothing
350	Lego	1541131610024	1541131610073	1541131610330	1541131610330	nothing
351	Lego	1541131610330	1541131610357	1541131610637	1541131610637	nothing
352	Lego	1541131610637	1541131610680	1541131610860	1541131610860	nothing
353	Lego	1541131610861	1541131610911	1541131611072	1541131611072	nothing
354	Lego	1541131611073	1541131611106	1541131611355	1541131611355	nothing
355	Lego	1541131611356	1541131611403	1541131611603	1541131611603	nothing
356	Lego	1541131611603	1541131611634	1541131611871	1541131611871	nothing
357	Lego	1541131611871	1541131611908	1541131612103	1541131612103	nothing
358	Lego	1541131612103	1541131612143	1541131612378	1541131612378	nothing
359	Lego	1541131612378	1541131612426	1541131612579	1541131612579	nothing
360	Lego	1541131612580	1541131612614	1541131612788	1541131612788	nothing
361	Lego	1541131612788	1541131612830	1541131613098	1541131613098	nothing
362	Lego	1541131613098	1541131613130	1541131613345	1541131613345	nothing
363	Lego	1541131613345	1541131613373	1541131613556	1541131613556	nothing
364	Lego	1541131613556	1541131613583	1541131613812	1541131613812	nothing
365	Lego	1541131613812	1541131613856	1541131614534	1541131614548	success
366	Lego	1541131614548	1541131614587	1541131615249	1541131615249	nothing
367	Lego	1541131615249	1541131615297	1541131615501	1541131615501	nothing
368	Lego	1541131615501	1541131615525	1541131616170	1541131616170	nothing
369	Lego	1541131616171	1541131616221	1541131616887	1541131616887	nothing
370	Lego	1541131616887	1541131616919	1541131617604	1541131617604	nothing
371	Lego	1541131617604	1541131617645	1541131618320	1541131618321	nothing
372	Lego	1541131618321	1541131618381	1541131619037	1541131619038	nothing
373	Lego	1541131619038	1541131619083	1541131619753	1541131619753	nothing
374	Lego	1541131619754	1541131619783	1541131619990	1541131619990	nothing
375	Lego	1541131619990	1541131620051	1541131620277	1541131620277	nothing
376	Lego	1541131620277	1541131620321	1541131620571	1541131620571	nothing
377	Lego	1541131620571	1541131620595	1541131620821	1541131620821	nothing
378	Lego	1541131620822	1541131620877	1541131621495	1541131621495	nothing
379	Lego	1541131621495	1541131621546	1541131622212	1541131622212	nothing
380	Lego	1541131622212	1541131622243	1541131622929	1541131622929	nothing
381	Lego	1541131622929	1541131622976	1541131623645	1541131623645	nothing
382	Lego	1541131623646	1541131623687	1541131624363	1541131624363	nothing
383	Lego	1541131624363	1541131624404	1541131625079	1541131625079	nothing
384	Lego	1541131625081	1541131625121	1541131625695	1541131625695	nothing
385	Lego	1541131625695	1541131625749	1541131626309	1541131626309	nothing
386	Lego	1541131626310	1541131626350	1541131626922	1541131626922	nothing
387	Lego	1541131626923	1541131626965	1541131627536	1541131627536	nothing
388	Lego	1541131627537	1541131627570	1541131628150	1541131628150	nothing
389	Lego	1541131628150	1541131628207	1541131628765	1541131628765	nothing
390	Lego	1541131628765	1541131628792	1541131629380	1541131629380	nothing
391	Lego	1541131629380	1541131629414	1541131629994	1541131629994	nothing
392	Lego	1541131629994	1541131630022	1541131630608	1541131630608	nothing
393	Lego	1541131630609	1541131630660	1541131631325	1541131631325	nothing
394	Lego	1541131631325	1541131631348	1541131631940	1541131631940	nothing
395	Lego	1541131631940	1541131631980	1541131632657	1541131632657	nothing
396	Lego	1541131632658	1541131632694	1541131633373	1541131633373	nothing
397	Lego	1541131633374	1541131633408	1541131634093	1541131634093	nothing
398	Lego	1541131634094	1541131634137	1541131634807	1541131634807	nothing
399	Lego	1541131634807	1541131634835	1541131635523	1541131635524	nothing
400	Lego	1541131635524	1541131635568	1541131636242	1541131636242	nothing
401	Lego	1541131636243	1541131636287	1541131636957	1541131636957	nothing
402	Lego	1541131636958	1541131637010	1541131637675	1541131637675	nothing
403	Lego	1541131637676	1541131637731	1541131638391	1541131638391	nothing
404	Lego	1541131638391	1541131638423	1541131639108	1541131639108	nothing
405	Lego	1541131639108	1541131639151	1541131639824	1541131639824	nothing
406	Lego	1541131639825	1541131639871	1541131640541	1541131640541	nothing
407	Lego	1541131640541	1541131640581	1541131640783	1541131640783	nothing
408	Lego	1541131640783	1541131640826	1541131641051	1541131641051	nothing
409	Lego	1541131641051	1541131641092	1541131641270	1541131641270	nothing
410	Lego	1541131641270	1541131641323	1541131641562	1541131641562	nothing
411	Lego	1541131641563	1541131641610	1541131641814	1541131641814	nothing
412	Lego	1541131641814	1541131641870	1541131642091	1541131642092	nothing
413	Lego	1541131642092	1541131642143	1541131642361	1541131642361	nothing
414	Lego	1541131642361	1541131642407	1541131642688	1541131642688	nothing
415	Lego	1541131642689	1541131642729	1541131642917	1541131642917	nothing
416	Lego	1541131642917	1541131642957	1541131643303	1541131643303	nothing
417	Lego	1541131643303	1541131643352	1541131643580	1541131643580	nothing
418	Lego	1541131643580	1541131643615	1541131643918	1541131643918	nothing
419	Lego	1541131643918	1541131643964	1541131644177	1541131644177	nothing
420	Lego	1541131644180	1541131644209	1541131644535	1541131644536	nothing
421	Lego	1541131644536	1541131644582	1541131644794	1541131644794	nothing
422	Lego	1541131644794	1541131644836	1541131645045	1541131645045	nothing
423	Lego	1541131645045	1541131645088	1541131645354	1541131645354	nothing
424	Lego	1541131645354	1541131645404	1541131645624	1541131645624	nothing
425	Lego	1541131645624	1541131645664	1541131645968	1541131645968	nothing
426	Lego	1541131645969	1541131646012	1541131646225	1541131646225	nothing
427	Lego	1541131646226	1541131646271	1541131646583	1541131646584	nothing
428	Lego	1541131646584	1541131646621	1541131646828	1541131646828	nothing
429	Lego	1541131646829	1541131646875	1541131647096	1541131647096	nothing
430	Lego	1541131647097	1541131647150	1541131647382	1541131647382	nothing
431	Lego	1541131647382	1541131647424	1541131647706	1541131647706	nothing
432	Lego	1541131647706	1541131647740	1541131647971	1541131647971	nothing
433	Lego	1541131647971	1541131648026	1541131648257	1541131648257	nothing
434	Lego	1541131648257	1541131648297	1541131648630	1541131648631	nothing
435	Lego	1541131648631	1541131648676	1541131648864	1541131648864	nothing
436	Lego	1541131648865	1541131648902	1541131649125	1541131649125	nothing
437	Lego	1541131649125	1541131649165	1541131649452	1541131649452	nothing
438	Lego	1541131649452	1541131649496	1541131649706	1541131649706	nothing
439	Lego	1541131649707	1541131649742	1541131650062	1541131650062	nothing
440	Lego	1541131650062	1541131650094	1541131650321	1541131650322	nothing
441	Lego	1541131650322	1541131650364	1541131650676	1541131650676	nothing
442	Lego	1541131650676	1541131650710	1541131650835	1541131650835	nothing
443	Lego	1541131650836	1541131650886	1541131651009	1541131651009	nothing
444	Lego	1541131651010	1541131651058	1541131651227	1541131651227	nothing
445	Lego	1541131651227	1541131651274	1541131651601	1541131651601	nothing
446	Lego	1541131651602	1541131651636	1541131651905	1541131651905	nothing
447	Lego	1541131651906	1541131651961	1541131652212	1541131652212	nothing
448	Lego	1541131652212	1541131652251	1541131652537	1541131652537	nothing
449	Lego	1541131652537	1541131652574	1541131652796	1541131652796	nothing
450	Lego	1541131652796	1541131652841	1541131653027	1541131653027	nothing
451	Lego	1541131653027	1541131653070	1541131653226	1541131653226	nothing
452	Lego	1541131653226	1541131653267	1541131653402	1541131653402	nothing
453	Lego	1541131653402	1541131653443	1541131653561	1541131653561	nothing
454	Lego	1541131653561	1541131653587	1541131653757	1541131653757	nothing
455	Lego	1541131653758	1541131653796	1541131654055	1541131654056	nothing
456	Lego	1541131654056	1541131654104	1541131654322	1541131654322	nothing
457	Lego	1541131654322	1541131654366	1541131654670	1541131654670	nothing
458	Lego	1541131654670	1541131654713	1541131654920	1541131654920	nothing
459	Lego	1541131654921	1541131654970	1541131655185	1541131655185	nothing
460	Lego	1541131655186	1541131655232	1541131655489	1541131655489	nothing
461	Lego	1541131655489	1541131655532	1541131655740	1541131655740	nothing
462	Lego	1541131655741	1541131655786	1541131656103	1541131656103	nothing
463	Lego	1541131656103	1541131656146	1541131656362	1541131656362	nothing
464	Lego	1541131656362	1541131656415	1541131656717	1541131656717	nothing
465	Lego	1541131656718	1541131656769	1541131656973	1541131656973	nothing
466	Lego	1541131656973	1541131657017	1541131657221	1541131657221	nothing
467	Lego	1541131657221	1541131657264	1541131657537	1541131657537	nothing
468	Lego	1541131657537	1541131657584	1541131657805	1541131657805	nothing
469	Lego	1541131657805	1541131657852	1541131658045	1541131658045	nothing
470	Lego	1541131658045	1541131658087	1541131658359	1541131658359	nothing
471	Lego	1541131658360	1541131658400	1541131658615	1541131658615	nothing
472	Lego	1541131658615	1541131658657	1541131658973	1541131658973	nothing
473	Lego	1541131658973	1541131659021	1541131659226	1541131659226	nothing
474	Lego	1541131659226	1541131659282	1541131659478	1541131659478	nothing
475	Lego	1541131659479	1541131659522	1541131659742	1541131659742	nothing
476	Lego	1541131659743	1541131659778	1541131660097	1541131660097	nothing
477	Lego	1541131660097	1541131660139	1541131660404	1541131660404	nothing
478	Lego	1541131660404	1541131660450	1541131660711	1541131660711	nothing
479	Lego	1541131660711	1541131660748	1541131661018	1541131661018	nothing
480	Lego	1541131661018	1541131661063	1541131661325	1541131661325	nothing
481	Lego	1541131661325	1541131661358	1541131661633	1541131661633	nothing
482	Lego	1541131661633	1541131661684	1541131661941	1541131661941	nothing
483	Lego	1541131661942	1541131661986	1541131662452	1541131662452	nothing
484	Lego	1541131662452	1541131662490	1541131662759	1541131662759	nothing
485	Lego	1541131662759	1541131662811	1541131663172	1541131663172	nothing
486	Lego	1541131663172	1541131663202	1541131663476	1541131663476	nothing
487	Lego	1541131663476	1541131663517	1541131663734	1541131663734	nothing
488	Lego	1541131663735	1541131663775	1541131663988	1541131663988	nothing
489	Lego	1541131663988	1541131664046	1541131664199	1541131664199	nothing
490	Lego	1541131664200	1541131664248	1541131664500	1541131664500	nothing
491	Lego	1541131664500	1541131664536	1541131664678	1541131664678	nothing
492	Lego	1541131664678	1541131664714	1541131664876	1541131664876	nothing
493	Lego	1541131664876	1541131664908	1541131665056	1541131665056	nothing
494	Lego	1541131665057	1541131665102	1541131665279	1541131665279	nothing
495	Lego	1541131665279	1541131665307	1541131665524	1541131665524	nothing
496	Lego	1541131665524	1541131665576	1541131666249	1541131666260	success
497	Lego	1541131666260	1541131666297	1541131666960	1541131666960	nothing
498	Lego	1541131666961	1541131666994	1541131667681	1541131667681	nothing
499	Lego	1541131667681	1541131667706	1541131668267	1541131668267	nothing
500	Lego	1541131668268	1541131668307	1541131668908	1541131668908	nothing
501	Lego	1541131668908	1541131668967	1541131669622	1541131669622	nothing
502	Lego	1541131669623	1541131669663	1541131670237	1541131670237	nothing
503	Lego	1541131670237	1541131670267	1541131670852	1541131670852	nothing
504	Lego	1541131670852	1541131670899	1541131671466	1541131671466	nothing
505	Lego	1541131671466	1541131671503	1541131672080	1541131672080	nothing
506	Lego	1541131672081	1541131672131	1541131672324	1541131672325	nothing
507	Lego	1541131672325	1541131672372	1541131672590	1541131672590	nothing
508	Lego	1541131672590	1541131672613	1541131672816	1541131672816	nothing
509	Lego	1541131672817	1541131672846	1541131673102	1541131673102	nothing
510	Lego	1541131673103	1541131673131	1541131673342	1541131673342	nothing
511	Lego	1541131673343	1541131673378	1541131673716	1541131673716	nothing
512	Lego	1541131673716	1541131673766	1541131673978	1541131673978	nothing
513	Lego	1541131673978	1541131674011	1541131674211	1541131674211	nothing
514	Lego	1541131674211	1541131674260	1541131674446	1541131674446	nothing
515	Lego	1541131674447	1541131674484	1541131674740	1541131674740	nothing
516	Lego	1541131674740	1541131674784	1541131674989	1541131674990	nothing
517	Lego	1541131674990	1541131675021	1541131675664	1541131675664	nothing
518	Lego	1541131675665	1541131675710	1541131676279	1541131676279	nothing
519	Lego	1541131676279	1541131676313	1541131676894	1541131676894	nothing
520	Lego	1541131676895	1541131676941	1541131677507	1541131677507	nothing
521	Lego	1541131677507	1541131677552	1541131678224	1541131678224	nothing
522	Lego	1541131678224	1541131678267	1541131678941	1541131678941	nothing
523	Lego	1541131678941	1541131678984	1541131679658	1541131679658	nothing
524	Lego	1541131679658	1541131679705	1541131680272	1541131680272	nothing
525	Lego	1541131680273	1541131680313	1541131680989	1541131680989	nothing
526	Lego	1541131680990	1541131681037	1541131681236	1541131681236	nothing
527	Lego	1541131681237	1541131681278	1541131681486	1541131681486	nothing
528	Lego	1541131681486	1541131681531	1541131681716	1541131681716	nothing
529	Lego	1541131681717	1541131681750	1541131682013	1541131682013	nothing
530	Lego	1541131682013	1541131682051	1541131682238	1541131682239	nothing
531	Lego	1541131682239	1541131682266	1541131682627	1541131682627	nothing
532	Lego	1541131682627	1541131682657	1541131682835	1541131682835	nothing
533	Lego	1541131682836	1541131682880	1541131683044	1541131683044	nothing
534	Lego	1541131683044	1541131683082	1541131683231	1541131683231	nothing
535	Lego	1541131683231	1541131683273	1541131683404	1541131683404	nothing
536	Lego	1541131683404	1541131683458	1541131683618	1541131683618	nothing
537	Lego	1541131683618	1541131683666	1541131683859	1541131683859	nothing
538	Lego	1541131683859	1541131683885	1541131684096	1541131684096	nothing
539	Lego	1541131684096	1541131684141	1541131684365	1541131684365	nothing
540	Lego	1541131684365	1541131684414	1541131684596	1541131684596	nothing
541	Lego	1541131684597	1541131684632	1541131684878	1541131684878	nothing
542	Lego	1541131684878	1541131684923	1541131685117	1541131685117	nothing
543	Lego	1541131685118	1541131685163	1541131685389	1541131685389	nothing
544	Lego	1541131685390	1541131685416	1541131685618	1541131685618	nothing
545	Lego	1541131685618	1541131685649	1541131685901	1541131685901	nothing
546	Lego	1541131685902	1541131685930	1541131686148	1541131686148	nothing
547	Lego	1541131686148	1541131686185	1541131686413	1541131686413	nothing
548	Lego	1541131686414	1541131686455	1541131686650	1541131686650	nothing
549	Lego	1541131686650	1541131686673	1541131686926	1541131686926	nothing
550	Lego	1541131686926	1541131686952	1541131687162	1541131687162	nothing
551	Lego	1541131687163	1541131687196	1541131687438	1541131687438	nothing
552	Lego	1541131687438	1541131687483	1541131687683	1541131687683	nothing
553	Lego	1541131687684	1541131687720	1541131687950	1541131687950	nothing
554	Lego	1541131687950	1541131687996	1541131688199	1541131688200	nothing
555	Lego	1541131688201	1541131688237	1541131688462	1541131688462	nothing
556	Lego	1541131688462	1541131688494	1541131688691	1541131688691	nothing
557	Lego	1541131688692	1541131688735	1541131688973	1541131688973	nothing
558	Lego	1541131688974	1541131689023	1541131689232	1541131689232	nothing
559	Lego	1541131689232	1541131689283	1541131689588	1541131689589	nothing
560	Lego	1541131689591	1541131689624	1541131689823	1541131689823	nothing
561	Lego	1541131689823	1541131689853	1541131690100	1541131690100	nothing
562	Lego	1541131690100	1541131690151	1541131690407	1541131690407	nothing
563	Lego	1541131690407	1541131690462	1541131690671	1541131690671	nothing
564	Lego	1541131690671	1541131690714	1541131691024	1541131691024	nothing
565	Lego	1541131691024	1541131691070	1541131691284	1541131691284	nothing
566	Lego	1541131691285	1541131691331	1541131691638	1541131691639	nothing
567	Lego	1541131691639	1541131691684	1541131691925	1541131691925	nothing
568	Lego	1541131691925	1541131691965	1541131692181	1541131692181	nothing
569	Lego	1541131692181	1541131692231	1541131692557	1541131692558	nothing
570	Lego	1541131692558	1541131692595	1541131692797	1541131692797	nothing
571	Lego	1541131692797	1541131692832	1541131693070	1541131693070	nothing
572	Lego	1541131693070	1541131693117	1541131693324	1541131693324	nothing
573	Lego	1541131693325	1541131693366	1541131693686	1541131693686	nothing
574	Lego	1541131693687	1541131693731	1541131693938	1541131693938	nothing
575	Lego	1541131693938	1541131693990	1541131694201	1541131694201	nothing
576	Lego	1541131694201	1541131694242	1541131694503	1541131694503	nothing
577	Lego	1541131694504	1541131694534	1541131694758	1541131694758	nothing
578	Lego	1541131694758	1541131694795	1541131695123	1541131695123	nothing
579	Lego	1541131695124	1541131695157	1541131695358	1541131695358	nothing
580	Lego	1541131695358	1541131695391	1541131695735	1541131695735	nothing
581	Lego	1541131695735	1541131695784	1541131695998	1541131695998	nothing
582	Lego	1541131695998	1541131696033	1541131696240	1541131696240	nothing
583	Lego	1541131696240	1541131696288	1541131696537	1541131696537	nothing
584	Lego	1541131696538	1541131696574	1541131696882	1541131696882	nothing
585	Lego	1541131696883	1541131696922	1541131697120	1541131697121	nothing
586	Lego	1541131697121	1541131697166	1541131697475	1541131697476	nothing
587	Lego	1541131697476	1541131697515	1541131697714	1541131697714	nothing
588	Lego	1541131697714	1541131697754	1541131697985	1541131697985	nothing
589	Lego	1541131697986	1541131698035	1541131698397	1541131698397	nothing
590	Lego	1541131698397	1541131698422	1541131698618	1541131698618	nothing
591	Lego	1541131698618	1541131698658	1541131698906	1541131698906	nothing
592	Lego	1541131698907	1541131698944	1541131699146	1541131699146	nothing
593	Lego	1541131699146	1541131699205	1541131699418	1541131699418	nothing
594	Lego	1541131699419	1541131699474	1541131699682	1541131699682	nothing
595	Lego	1541131699683	1541131699722	1541131700035	1541131700035	nothing
596	Lego	1541131700036	1541131700079	1541131700282	1541131700282	nothing
597	Lego	1541131700282	1541131700318	1541131700545	1541131700545	nothing
598	Lego	1541131700545	1541131700581	1541131700779	1541131700779	nothing
599	Lego	1541131700780	1541131700826	1541131701027	1541131701027	nothing
600	Lego	1541131701028	1541131701069	1541131701268	1541131701268	nothing
601	Lego	1541131701268	1541131701310	1541131701569	1541131701569	nothing
602	Lego	1541131701569	1541131701610	1541131701816	1541131701816	nothing
603	Lego	1541131701817	1541131701855	1541131702070	1541131702070	nothing
604	Lego	1541131702071	1541131702111	1541131702806	1541131702825	success
605	Lego	1541131702826	1541131702854	1541131703517	1541131703517	nothing
606	Lego	1541131703517	1541131703571	1541131704235	1541131704235	nothing
607	Lego	1541131704236	1541131704277	1541131704951	1541131704951	nothing
608	Lego	1541131704951	1541131704987	1541131705667	1541131705667	nothing
609	Lego	1541131705667	1541131705695	1541131706281	1541131706282	nothing
610	Lego	1541131706282	1541131706328	1541131706998	1541131706998	nothing
611	Lego	1541131706999	1541131707045	1541131707715	1541131707716	nothing
612	Lego	1541131707716	1541131707758	1541131708329	1541131708329	nothing
613	Lego	1541131708330	1541131708381	1541131709047	1541131709047	nothing
614	Lego	1541131709047	1541131709096	1541131709763	1541131709763	nothing
615	Lego	1541131709764	1541131709806	1541131710379	1541131710379	nothing
616	Lego	1541131710379	1541131710420	1541131711095	1541131711095	nothing
617	Lego	1541131711097	1541131711130	1541131711811	1541131711811	nothing
618	Lego	1541131711811	1541131711863	1541131712528	1541131712528	nothing
619	Lego	1541131712528	1541131712573	1541131713142	1541131713142	nothing
620	Lego	1541131713143	1541131713186	1541131713859	1541131713859	nothing
621	Lego	1541131713859	1541131713906	1541131714576	1541131714576	nothing
622	Lego	1541131714576	1541131714601	1541131715190	1541131715190	nothing
623	Lego	1541131715191	1541131715246	1541131715907	1541131715907	nothing
624	Lego	1541131715907	1541131715952	1541131716155	1541131716155	nothing
625	Lego	1541131716155	1541131716199	1541131716417	1541131716417	nothing
626	Lego	1541131716417	1541131716469	1541131716668	1541131716668	nothing
627	Lego	1541131716669	1541131716718	1541131717031	1541131717032	nothing
628	Lego	1541131717032	1541131717078	1541131717750	1541131717750	nothing
629	Lego	1541131717751	1541131717787	1541131718467	1541131718467	nothing
630	Lego	1541131718468	1541131718517	1541131719185	1541131719185	nothing
631	Lego	1541131719186	1541131719237	1541131719904	1541131719904	nothing
632	Lego	1541131719904	1541131719946	1541131720617	1541131720617	nothing
633	Lego	1541131720618	1541131720666	1541131721334	1541131721334	nothing
634	Lego	1541131721335	1541131721358	1541131722051	1541131722051	nothing
635	Lego	1541131722051	1541131722077	1541131722666	1541131722666	nothing
636	Lego	1541131722667	1541131722713	1541131723382	1541131723382	nothing
637	Lego	1541131723382	1541131723420	1541131723996	1541131723996	nothing
638	Lego	1541131723997	1541131724053	1541131724510	1541131724510	nothing
639	Lego	1541131724511	1541131724555	1541131725020	1541131725021	nothing
640	Lego	1541131725021	1541131725065	1541131725532	1541131725533	nothing
641	Lego	1541131725533	1541131725575	1541131726045	1541131726045	nothing
642	Lego	1541131726045	1541131726086	1541131726557	1541131726557	nothing
643	Lego	1541131726557	1541131726607	1541131727069	1541131727069	nothing
644	Lego	1541131727069	1541131727121	1541131727283	1541131727283	nothing
645	Lego	1541131727283	1541131727326	1541131727478	1541131727478	nothing
646	Lego	1541131727478	1541131727525	1541131727689	1541131727689	nothing
647	Lego	1541131727689	1541131727734	1541131727989	1541131727989	nothing
648	Lego	1541131727989	1541131728033	1541131728222	1541131728222	nothing
649	Lego	1541131728223	1541131728270	1541131728500	1541131728501	nothing
650	Lego	1541131728501	1541131728556	1541131728755	1541131728755	nothing
651	Lego	1541131728756	1541131728801	1541131729012	1541131729013	nothing
652	Lego	1541131729013	1541131729059	1541131729224	1541131729224	nothing
653	Lego	1541131729224	1541131729263	1541131729526	1541131729526	nothing
654	Lego	1541131729526	1541131729568	1541131729759	1541131729759	nothing
655	Lego	1541131729759	1541131729799	1541131730036	1541131730036	nothing
656	Lego	1541131730036	1541131730084	1541131730251	1541131730251	nothing
657	Lego	1541131730251	1541131730293	1541131730548	1541131730548	nothing
658	Lego	1541131730548	1541131730590	1541131730704	1541131730704	nothing
659	Lego	1541131730705	1541131730750	1541131730937	1541131730937	nothing
660	Lego	1541131730937	1541131730975	1541131731141	1541131731141	nothing
661	Lego	1541131731142	1541131731167	1541131731337	1541131731337	nothing
662	Lego	1541131731337	1541131731388	1541131731581	1541131731582	nothing
663	Lego	1541131731582	1541131731625	1541131731881	1541131731881	nothing
664	Lego	1541131731882	1541131731920	1541131732102	1541131732102	nothing
665	Lego	1541131732103	1541131732135	1541131732303	1541131732303	nothing
666	Lego	1541131732303	1541131732332	1541131732506	1541131732506	nothing
667	Lego	1541131732506	1541131732550	1541131732801	1541131732801	nothing
668	Lego	1541131732801	1541131732839	1541131733027	1541131733027	nothing
669	Lego	1541131733027	1541131733072	1541131733242	1541131733242	nothing
670	Lego	1541131733242	1541131733284	1541131733521	1541131733521	nothing
671	Lego	1541131733522	1541131733563	1541131733798	1541131733798	nothing
672	Lego	1541131733798	1541131733839	1541131734236	1541131734236	nothing
673	Lego	1541131734237	1541131734291	1541131734464	1541131734464	nothing
674	Lego	1541131734464	1541131734514	1541131734746	1541131734747	nothing
675	Lego	1541131734747	1541131734790	1541131734972	1541131734972	nothing
676	Lego	1541131734973	1541131735001	1541131735199	1541131735199	nothing
677	Lego	1541131735200	1541131735243	1541131735415	1541131735415	nothing
678	Lego	1541131735416	1541131735451	1541131735642	1541131735642	nothing
679	Lego	1541131735642	1541131735691	1541131735876	1541131735876	nothing
680	Lego	1541131735877	1541131735908	1541131736095	1541131736095	nothing
681	Lego	1541131736095	1541131736130	1541131736385	1541131736385	nothing
682	Lego	1541131736385	1541131736425	1541131736599	1541131736599	nothing
683	Lego	1541131736599	1541131736636	1541131736899	1541131736899	nothing
684	Lego	1541131736899	1541131736949	1541131737118	1541131737118	nothing
685	Lego	1541131737118	1541131737152	1541131737409	1541131737409	nothing
686	Lego	1541131737409	1541131737451	1541131737623	1541131737623	nothing
687	Lego	1541131737624	1541131737650	1541131737925	1541131737925	nothing
688	Lego	1541131737926	1541131737961	1541131738142	1541131738142	nothing
689	Lego	1541131738142	1541131738181	1541131738433	1541131738433	nothing
690	Lego	1541131738433	1541131738487	1541131738660	1541131738660	nothing
691	Lego	1541131738661	1541131738689	1541131738945	1541131738948	nothing
692	Lego	1541131738948	1541131739008	1541131739191	1541131739192	nothing
693	Lego	1541131739195	1541131739237	1541131739457	1541131739457	nothing
694	Lego	1541131739457	1541131739505	1541131739675	1541131739675	nothing
695	Lego	1541131739676	1541131739716	1541131739866	1541131739866	nothing
696	Lego	1541131739866	1541131739898	1541131740022	1541131740022	nothing
697	Lego	1541131740023	1541131740054	1541131740187	1541131740187	nothing
698	Lego	1541131740188	1541131740232	1541131740391	1541131740391	nothing
699	Lego	1541131740391	1541131740421	1541131740604	1541131740604	nothing
700	Lego	1541131740604	1541131740637	1541131740896	1541131740896	nothing
701	Lego	1541131740896	1541131740934	1541131741125	1541131741125	nothing
702	Lego	1541131741125	1541131741156	1541131741402	1541131741402	nothing
703	Lego	1541131741403	1541131741432	1541131741602	1541131741602	nothing
704	Lego	1541131741602	1541131741633	1541131741826	1541131741826	nothing
705	Lego	1541131741826	1541131741855	1541131742120	1541131742120	nothing
706	Lego	1541131742120	1541131742153	1541131742380	1541131742380	nothing
707	Lego	1541131742381	1541131742427	1541131742685	1541131742685	nothing
708	Lego	1541131742685	1541131742735	1541131742908	1541131742908	nothing
709	Lego	1541131742908	1541131742949	1541131743133	1541131743133	nothing
710	Lego	1541131743134	1541131743179	1541131743450	1541131743450	nothing
711	Lego	1541131743450	1541131743479	1541131743671	1541131743671	nothing
712	Lego	1541131743672	1541131743717	1541131743962	1541131743962	nothing
713	Lego	1541131743963	1541131743993	1541131744181	1541131744181	nothing
714	Lego	1541131744181	1541131744218	1541131744476	1541131744476	nothing
715	Lego	1541131744476	1541131744515	1541131744695	1541131744696	nothing
716	Lego	1541131744696	1541131744742	1541131744987	1541131744987	nothing
717	Lego	1541131744987	1541131745030	1541131745193	1541131745193	nothing
718	Lego	1541131745194	1541131745239	1541131745391	1541131745391	nothing
719	Lego	1541131745392	1541131745444	1541131745577	1541131745577	nothing
720	Lego	1541131745577	1541131745624	1541131745759	1541131745759	nothing
721	Lego	1541131745759	1541131745798	1541131745934	1541131745934	nothing
722	Lego	1541131745935	1541131745982	1541131746115	1541131746115	nothing
723	Lego	1541131746115	1541131746142	1541131746293	1541131746294	nothing
724	Lego	1541131746294	1541131746330	1541131746508	1541131746508	nothing
725	Lego	1541131746509	1541131746559	1541131747143	1541131747154	success
726	Lego	1541131747155	1541131747198	1541131747753	1541131747753	nothing
727	Lego	1541131747753	1541131747788	1541131748367	1541131748368	nothing
728	Lego	1541131748368	1541131748417	1541131748601	1541131748601	nothing
729	Lego	1541131748602	1541131748657	1541131748880	1541131748880	nothing
730	Lego	1541131748880	1541131748926	1541131749103	1541131749103	nothing
731	Lego	1541131749104	1541131749135	1541131749390	1541131749390	nothing
732	Lego	1541131749390	1541131749435	1541131749612	1541131749612	nothing
733	Lego	1541131749612	1541131749647	1541131749902	1541131749902	nothing
734	Lego	1541131749902	1541131749942	1541131750313	1541131750313	nothing
735	Lego	1541131750313	1541131750363	1541131750531	1541131750531	nothing
736	Lego	1541131750531	1541131750569	1541131750824	1541131750824	nothing
737	Lego	1541131750824	1541131750849	1541131751030	1541131751030	nothing
738	Lego	1541131751031	1541131751088	1541131751268	1541131751268	nothing
739	Lego	1541131751269	1541131751324	1541131751540	1541131751540	nothing
740	Lego	1541131751540	1541131751581	1541131751752	1541131751752	nothing
741	Lego	1541131751752	1541131751790	1541131752052	1541131752052	nothing
742	Lego	1541131752052	1541131752091	1541131752267	1541131752267	nothing
743	Lego	1541131752268	1541131752316	1541131752566	1541131752566	nothing
744	Lego	1541131752566	1541131752623	1541131752790	1541131752790	nothing
745	Lego	1541131752790	1541131752833	1541131753076	1541131753076	nothing
746	Lego	1541131753076	1541131753102	1541131753284	1541131753285	nothing
747	Lego	1541131753285	1541131753327	1541131754000	1541131754000	nothing
748	Lego	1541131754000	1541131754054	1541131754614	1541131754614	nothing
749	Lego	1541131754614	1541131754656	1541131755228	1541131755228	nothing
750	Lego	1541131755228	1541131755257	1541131755843	1541131755843	nothing
751	Lego	1541131755843	1541131755890	1541131756457	1541131756457	nothing
752	Lego	1541131756457	1541131756504	1541131757072	1541131757072	nothing
753	Lego	1541131757072	1541131757114	1541131757688	1541131757689	nothing
754	Lego	1541131757690	1541131757738	1541131758403	1541131758403	nothing
755	Lego	1541131758403	1541131758434	1541131759017	1541131759017	nothing
756	Lego	1541131759017	1541131759048	1541131759631	1541131759631	nothing
757	Lego	1541131759631	1541131759662	1541131760246	1541131760246	nothing
758	Lego	1541131760246	1541131760285	1541131760862	1541131760862	nothing
759	Lego	1541131760862	1541131760908	1541131761475	1541131761475	nothing
760	Lego	1541131761476	1541131761519	1541131762089	1541131762089	nothing
761	Lego	1541131762090	1541131762137	1541131762704	1541131762704	nothing
762	Lego	1541131762704	1541131762742	1541131763319	1541131763319	nothing
763	Lego	1541131763319	1541131763357	1541131764240	1541131764240	nothing
764	Lego	1541131764240	1541131764280	1541131764956	1541131764956	nothing
765	Lego	1541131764957	1541131765002	1541131765574	1541131765574	nothing
766	Lego	1541131765575	1541131765623	1541131766184	1541131766185	nothing
767	Lego	1541131766185	1541131766223	1541131766800	1541131766800	nothing
768	Lego	1541131766803	1541131766844	1541131767414	1541131767414	nothing
769	Lego	1541131767414	1541131767441	1541131768029	1541131768029	nothing
770	Lego	1541131768029	1541131768065	1541131768746	1541131768746	nothing
771	Lego	1541131768746	1541131768771	1541131769360	1541131769360	nothing
772	Lego	1541131769360	1541131769401	1541131770077	1541131770077	nothing
773	Lego	1541131770077	1541131770120	1541131770794	1541131770794	nothing
774	Lego	1541131770794	1541131770832	1541131771407	1541131771407	nothing
775	Lego	1541131771408	1541131771450	1541131772125	1541131772125	nothing
776	Lego	1541131772125	1541131772172	1541131772841	1541131772841	nothing
777	Lego	1541131772841	1541131772891	1541131773558	1541131773558	nothing
778	Lego	1541131773558	1541131773603	1541131774275	1541131774275	nothing
779	Lego	1541131774275	1541131774311	1541131774889	1541131774889	nothing
780	Lego	1541131774890	1541131774914	1541131775506	1541131775506	nothing
781	Lego	1541131775506	1541131775558	1541131776127	1541131776127	nothing
782	Lego	1541131776127	1541131776172	1541131776936	1541131776936	nothing
783	Lego	1541131776936	1541131776961	1541131777184	1541131777184	nothing
784	Lego	1541131777185	1541131777216	1541131777447	1541131777447	nothing
785	Lego	1541131777448	1541131777495	1541131777694	1541131777694	nothing
786	Lego	1541131777694	1541131777739	1541131777959	1541131777959	nothing
787	Lego	1541131777960	1541131778007	1541131778196	1541131778196	nothing
788	Lego	1541131778196	1541131778225	1541131778471	1541131778471	nothing
789	Lego	1541131778471	1541131778496	1541131778682	1541131778682	nothing
790	Lego	1541131778683	1541131778718	1541131778985	1541131778985	nothing
791	Lego	1541131778986	1541131779032	1541131779195	1541131779195	nothing
792	Lego	1541131779196	1541131779235	1541131779495	1541131779495	nothing
793	Lego	1541131779496	1541131779539	1541131779691	1541131779691	nothing
794	Lego	1541131779692	1541131779737	1541131779889	1541131779889	nothing
795	Lego	1541131779890	1541131779923	1541131780113	1541131780113	nothing
796	Lego	1541131780113	1541131780151	1541131780419	1541131780419	nothing
797	Lego	1541131780419	1541131780457	1541131780643	1541131780643	nothing
798	Lego	1541131780643	1541131780693	1541131780929	1541131780929	nothing
799	Lego	1541131780930	1541131780969	1541131781152	1541131781152	nothing
800	Lego	1541131781152	1541131781191	1541131781441	1541131781441	nothing
801	Lego	1541131781441	1541131781482	1541131781677	1541131781677	nothing
802	Lego	1541131781677	1541131781718	1541131781953	1541131781953	nothing
803	Lego	1541131781953	1541131781995	1541131782260	1541131782261	nothing
804	Lego	1541131782263	1541131782307	1541131782568	1541131782568	nothing
805	Lego	1541131782569	1541131782619	1541131782874	1541131782874	nothing
806	Lego	1541131782875	1541131782916	1541131783182	1541131783182	nothing
807	Lego	1541131783182	1541131783213	1541131783448	1541131783448	nothing
808	Lego	1541131783448	1541131783476	1541131783799	1541131783799	nothing
809	Lego	1541131783800	1541131783847	1541131784109	1541131784109	nothing
810	Lego	1541131784109	1541131784151	1541131784413	1541131784413	nothing
811	Lego	1541131784413	1541131784441	1541131784718	1541131784718	nothing
812	Lego	1541131784718	1541131784755	1541131785027	1541131785027	nothing
813	Lego	1541131785027	1541131785084	1541131785335	1541131785335	nothing
814	Lego	1541131785339	1541131785379	1541131785639	1541131785639	nothing
815	Lego	1541131785640	1541131785677	1541131785947	1541131785947	nothing
816	Lego	1541131785947	1541131785981	1541131786254	1541131786254	nothing
817	Lego	1541131786255	1541131786309	1541131786561	1541131786561	nothing
818	Lego	1541131786561	1541131786614	1541131786834	1541131786835	nothing
819	Lego	1541131786835	1541131786876	1541131787175	1541131787175	nothing
820	Lego	1541131787175	1541131787208	1541131787441	1541131787441	nothing
821	Lego	1541131787441	1541131787465	1541131787790	1541131787790	nothing
822	Lego	1541131787790	1541131787829	1541131787991	1541131787991	nothing
823	Lego	1541131787991	1541131788040	1541131788259	1541131788259	nothing
824	Lego	1541131788260	1541131788305	1541131788610	1541131788610	nothing
825	Lego	1541131788611	1541131788645	1541131788859	1541131788859	nothing
826	Lego	1541131788859	1541131788894	1541131789121	1541131789121	nothing
827	Lego	1541131789121	1541131789167	1541131789333	1541131789333	nothing
828	Lego	1541131789334	1541131789384	1541131789533	1541131789533	nothing
829	Lego	1541131789534	1541131789584	1541131789739	1541131789739	nothing
830	Lego	1541131789740	1541131789799	1541131789984	1541131789984	nothing
831	Lego	1541131789984	1541131790026	1541131790242	1541131790242	nothing
832	Lego	1541131790242	1541131790268	1541131790554	1541131790554	nothing
833	Lego	1541131790555	1541131790599	1541131790826	1541131790826	nothing
834	Lego	1541131790826	1541131790858	1541131791053	1541131791054	nothing
835	Lego	1541131791054	1541131791099	1541131791251	1541131791251	nothing
836	Lego	1541131791251	1541131791294	1541131791890	1541131791903	success
837	Lego	1541131791903	1541131791945	1541131792502	1541131792502	nothing
838	Lego	1541131792503	1541131792545	1541131793219	1541131793220	nothing
839	Lego	1541131793220	1541131793252	1541131793936	1541131793936	nothing
840	Lego	1541131793936	1541131793973	1541131794653	1541131794653	nothing
841	Lego	1541131794653	1541131794702	1541131795369	1541131795370	nothing
842	Lego	1541131795370	1541131795401	1541131796086	1541131796086	nothing
843	Lego	1541131796087	1541131796121	1541131796802	1541131796802	nothing
844	Lego	1541131796803	1541131796846	1541131797520	1541131797520	nothing
845	Lego	1541131797520	1541131797559	1541131798237	1541131798237	nothing
846	Lego	1541131798237	1541131798275	1541131798854	1541131798854	nothing
847	Lego	1541131798854	1541131798892	1541131799569	1541131799569	nothing
848	Lego	1541131799569	1541131799610	1541131800182	1541131800182	nothing
849	Lego	1541131800183	1541131800228	1541131800798	1541131800800	nothing
850	Lego	1541131800800	1541131800851	1541131801411	1541131801411	nothing
851	Lego	1541131801411	1541131801443	1541131802027	1541131802027	nothing
852	Lego	1541131802028	1541131802063	1541131802742	1541131802742	nothing
853	Lego	1541131802743	1541131802779	1541131803359	1541131803359	nothing
854	Lego	1541131803360	1541131803392	1541131803971	1541131803971	nothing
855	Lego	1541131803971	1541131804015	1541131804586	1541131804586	nothing
856	Lego	1541131804587	1541131804624	1541131805200	1541131805200	nothing
857	Lego	1541131805200	1541131805240	1541131805814	1541131805814	nothing
858	Lego	1541131805815	1541131805868	1541131806429	1541131806429	nothing
859	Lego	1541131806429	1541131806478	1541131807043	1541131807044	nothing
860	Lego	1541131807044	1541131807084	1541131807657	1541131807659	nothing
861	Lego	1541131807659	1541131807697	1541131808377	1541131808377	nothing
862	Lego	1541131808377	1541131808419	1541131808989	1541131808990	nothing
863	Lego	1541131808990	1541131809031	1541131809603	1541131809603	nothing
864	Lego	1541131809604	1541131809640	1541131810217	1541131810217	nothing
865	Lego	1541131810217	1541131810261	1541131810832	1541131810832	nothing
866	Lego	1541131810832	1541131810879	1541131811446	1541131811446	nothing
867	Lego	1541131811446	1541131811484	1541131812060	1541131812060	nothing
868	Lego	1541131812061	1541131812110	1541131812675	1541131812676	nothing
869	Lego	1541131812677	1541131812712	1541131813289	1541131813289	nothing
870	Lego	1541131813290	1541131813328	1541131813906	1541131813906	nothing
871	Lego	1541131813906	1541131813944	1541131814520	1541131814520	nothing
872	Lego	1541131814520	1541131814563	1541131815029	1541131815029	nothing
873	Lego	1541131815029	1541131815059	1541131815644	1541131815644	nothing
874	Lego	1541131815645	1541131815675	1541131816258	1541131816258	nothing
875	Lego	1541131816259	1541131816303	1541131816874	1541131816874	nothing
876	Lego	1541131816874	1541131816907	1541131817488	1541131817488	nothing
877	Lego	1541131817488	1541131817534	1541131818102	1541131818102	nothing
878	Lego	1541131818103	1541131818152	1541131818819	1541131818820	nothing
879	Lego	1541131818820	1541131818872	1541131819538	1541131819538	nothing
880	Lego	1541131819538	1541131819576	1541131820150	1541131820150	nothing
881	Lego	1541131820150	1541131820177	1541131820764	1541131820764	nothing
882	Lego	1541131820765	1541131820795	1541131821378	1541131821378	nothing
883	Lego	1541131821379	1541131821430	1541131821994	1541131821994	nothing
884	Lego	1541131821995	1541131822038	1541131822609	1541131822609	nothing
885	Lego	1541131822610	1541131822648	1541131823223	1541131823224	nothing
886	Lego	1541131823225	1541131823262	1541131823837	1541131823837	nothing
887	Lego	1541131823837	1541131823889	1541131824553	1541131824553	nothing
888	Lego	1541131824553	1541131824579	1541131825168	1541131825168	nothing
889	Lego	1541131825168	1541131825213	1541131825885	1541131825885	nothing
890	Lego	1541131825885	1541131825934	1541131826499	1541131826499	nothing
891	Lego	1541131826500	1541131826549	1541131827216	1541131827216	nothing
892	Lego	1541131827216	1541131827257	1541131827829	1541131827829	nothing
893	Lego	1541131827830	1541131827872	1541131828443	1541131828444	nothing
894	Lego	1541131828444	1541131828484	1541131829160	1541131829160	nothing
895	Lego	1541131829160	1541131829197	1541131829776	1541131829776	nothing
896	Lego	1541131829776	1541131829819	1541131830493	1541131830493	nothing
897	Lego	1541131830493	1541131830531	1541131831107	1541131831107	nothing
898	Lego	1541131831108	1541131831147	1541131831721	1541131831721	nothing
899	Lego	1541131831722	1541131831777	1541131832437	1541131832438	nothing
900	Lego	1541131832442	1541131832467	1541131833052	1541131833052	nothing
901	Lego	1541131833053	1541131833083	1541131833667	1541131833667	nothing
902	Lego	1541131833667	1541131833706	1541131834282	1541131834282	nothing
903	Lego	1541131834282	1541131834317	1541131834896	1541131834896	nothing
904	Lego	1541131834896	1541131834940	1541131835513	1541131835513	nothing
905	Lego	1541131835515	1541131835563	1541131836125	1541131836125	nothing
